BLOCK DarkMatter
   1   3.089800E-01   #dark matter relick densisty
   2   2.581287E+00   #ratio omega_N/omega_0
   100 0.820017 # ~nI1 ~nI1 -> Wm Wp
   101 0.177982 # ~nI1 ~nI1 -> Z Z
   301  9.181938E+01  #Dark Matter Mass (GeV)
   302  7.391205E-27  #SigmaV=[cm^3/s]
   401   91.819382    0.000625
   402   91.445743    0.000000
   403   90.766497    0.000000
   404   89.894398    0.000000
   405   88.872493    0.000000
   406   87.727424    0.000000
   407   86.478454    0.000000
   408   85.140715    0.000000
   409   83.726711    0.000000
   410   82.247126    0.000000
   411   80.711305    0.000000
   412   79.127554    0.000000
   413   77.503347    0.000000
   414   75.845461    0.000000
   415   74.160088    0.000000
   416   72.452904    0.000001
   417   70.729133    0.000002
   418   68.993592    0.000003
   419   67.250726    0.000005
   420   65.504644    0.000008
   421   63.759140    0.000012
   422   62.017717    0.000016
   423   60.283608    0.000022
   424   58.559788    0.000030
   425   56.848994    0.000040
   426   55.153735    0.000052
   427   53.476309    0.000066
   428   51.818808    0.000085
   429   50.183134    0.000108
   430   48.571010    0.000136
   431   46.983983    0.000170
   432   45.423441    0.000209
   433   43.890615    0.000254
   434   42.386592    0.000308
   435   40.912321    0.000372
   436   39.468620    0.000450
   437   38.056186    0.000543
   438   36.675598    0.000652
   439   35.327329    0.000782
   440   34.011746    0.000938
   441   32.729123    0.001128
   442   31.479643    0.001357
   443   30.263406    0.001628
   444   29.080432    0.001950
   445   27.930671    0.002339
   446   26.814002    0.002806
   447   25.730245    0.003365
   448   24.679159    0.004022
   449   23.660454    0.004795
   450   22.673788    0.005714
   451   21.718775    0.006818
   452   20.794992    0.008137
   453   19.901976    0.009708
   454   19.039233    0.011507
   455   18.206240    0.013583
   456   17.402448    0.015976
   457   16.627284    0.018690
   458   15.880158    0.021721
   459   15.160460    0.025155
   460   14.467569    0.029219
   461   13.800849    0.034144
   462   13.159658    0.039969
   463   12.543344    0.046520
   464   11.951252    0.053672
   465   11.382722    0.061607
   466   10.837093    0.070784
   467   10.313707    0.081591
   468    9.811903    0.094112
   469    9.331027    0.108182
   470    8.870429    0.123807
   471    8.429462    0.141073
   472    8.007489    0.160454
   473    7.603880    0.182490
   474    7.218012    0.207522
   475    6.849273    0.235873
   476    6.497062    0.267511
   477    6.160786    0.302948
   478    5.839867    0.342367
   479    5.533735    0.386610
   480    5.241836    0.435730
   481    4.963626    0.490449
   482    4.698575    0.551174
   483    4.446166    0.618757
   484    4.205896    0.693728
   485    3.977275    0.776836
   486    3.759827    0.868776
   487    3.553088    0.970823
   488    3.356610    1.083696
   489    3.169957    1.208257
   490    2.992707    1.345748
   491    2.824453    1.497078
   492    2.664799    1.663492
   493    2.513364    1.845975
   494    2.369779    2.045796
   495    2.233688    2.264110
   496    2.104749    2.501949
   497    1.982630    2.760529
   498    1.867014    3.041361
   499    1.757594    3.345643
   500    1.654076    3.675175
   501    1.556177    4.031595
   502    1.463624    4.416572
   503    1.376157    4.832091
   504    1.293525    5.280289
   505    1.215488    5.763782
   506    1.141817    6.283961
   507    1.072291    6.843656
   508    1.006700    7.444892
   509    0.944841    8.089351
   510    0.886522    8.779184
   511    0.831560    9.515186
   512    0.779777   10.297913
   513    0.731007   11.128882
   514    0.685089   12.008575
   515    0.641871   12.936600
   516    0.601207   13.911327
   517    0.562959   14.933564
   518    0.526994   16.002674
   519    0.493187   17.115969
   520    0.461419   18.270931
   521    0.431577   19.467006
   522    0.403552   20.701900
   523    0.377241   21.970441
   524    0.352549   23.270389
   525    0.329382   24.599981
   526    0.307653   25.950289
   527    0.287278   27.321898
   528    0.268180   28.707332
   529    0.250284   30.101599
   530    0.233519   31.497981
   531    0.217818   32.892482
   532    0.203118   34.276461
   533    0.189360   35.642431
   534    0.176486   36.981005
   535    0.164444   38.278621
   536    0.153184   39.526683
   537    0.142657   40.714283
   538    0.132818   41.823883
   539    0.123626   42.848554
   540    0.115040   43.763487
   541    0.107022   44.574924
   542    0.099538   45.259256
   543    0.092553   45.820597
   544    0.086036   46.252433
   545    0.079958   46.551830
   546    0.074290   46.730041
   547    0.069006   46.787104
   548    0.064082   46.720598
   549    0.059495   46.532227
   550    0.055221   46.233470
   551    0.051242   45.815603
   552    0.047538   45.299700
   553    0.044091   44.645192
   554    0.040883   43.886623
   555    0.037899   43.019031
   556    0.035125   42.038501
   557    0.032545   40.960370
   558    0.030148   39.795227
   559    0.027921   38.556948
   560    0.025851   37.238092
   561    0.023930   35.870434
   562    0.022145   34.454986
   563    0.020489   33.003724
   564    0.018952   31.528564
   565    0.017527   30.033217
   566    0.016204   28.537088
   567    0.014978   27.050793
   568    0.013841   25.583803
   569    0.012788   24.154995
   570    0.011812   22.779939
   571    0.010908   21.465077
   572    0.010071   20.216999
   573    0.009295   19.046335
   574    0.008578   17.957674
   575    0.007914   16.952387
   576    0.007300   16.020188
   577    0.006731   15.168697
   578    0.006206   14.395011
   579    0.005720   13.699099
   580    0.005272   13.078930
   581    0.004857   12.538300
   582    0.004474   12.074608
   583    0.004120   11.690392
   584    0.003793   11.383568
   585    0.003491   11.159318
   586    0.003213   11.015356
   587    0.002956   10.957028
   588    0.002719   10.989994
   589    0.002501   11.126505
   590    0.002299   11.369274
   591    0.002114   11.732722
   592    0.001943   12.223860
   593    0.001785   12.837492
   594    0.001640   13.579006
   595    0.001506   14.435427
   596    0.001383   15.393036
   597    0.001270   16.452120
   598    0.001165   17.604282
   599    0.001069   18.852454
   600    0.000981   20.205979
   601    0.000900   21.671202
   602    0.000825   23.284644
   603    0.000757   25.056210
   604    0.000693   27.016481
   605    0.000636   29.188921
   606    0.000582   31.598178
   607    0.000533   34.244929
   608    0.000489   37.132315
   609    0.000447   40.246588
   610    0.000410   43.599580
   611    0.000375   47.158351
   612    0.000343   50.979248
   613    0.000314   55.096868
   614    0.000287   59.562350
   615    0.000262   64.474935
   616    0.000240   69.908166
   617    0.000219   75.963668
   618    0.000201   82.732911
   619    0.000183   90.209637
   620    0.000167   98.464397
   621    0.000153  107.441563
   622    0.000140  117.117759
   623    0.000127  127.529113
   624    0.000116  138.637900
   625    0.000106  150.475153
   626    0.000097  163.241814
   627    0.000088  176.978502
   628    0.000081  191.934305
   629    0.000074  208.393472
   630    0.000067  226.536558
   631    0.000061  246.504835
   632    0.000056  268.427968
   633    0.000051  292.090654
   634    0.000046  317.674846
   635    0.000042  344.837733
   636    0.000038  373.450520
   637    0.000035  403.607242
   638    0.000032  435.123210
   639    0.000029  468.670077
   640    0.000026  504.561674
   641    0.000024  543.568822
   642    0.000022  586.672231
   643    0.000020  635.107138
   644    0.000018  690.381399
   645    0.000016  754.265873
   646    0.000015  828.785305
   647    0.000013  915.989634
   648    0.000012 1017.879409
   649    0.000011 1136.104740
#CDM-nucleon cross sections[pb]:
   201 9.552887E-11 #proton SI
   202 0.000000E+00 #proton SD
   203 9.172352E-11 #neutron SI
   204 0.000000E+00 #neutron SD
