BLOCK DarkMatter
   1   4.037263E-04   #dark matter relick densisty
   2   3.372818E-03   #ratio omega_N/omega_0
   100 0.467851 # ~nR1 ~nR1 -> nu4 nu4
   101 0.415103 # ~nR1 ~nR1 -> d3 D3
   102 0.072266 # ~nR1 ~nR1 -> e3 E3
   103 0.034120 # ~nR1 ~nR1 -> g g
   301  5.633127E+01  #Dark Matter Mass (GeV)
   302  5.493101E-27  #SigmaV=[cm^3/s]
   401   56.331273    0.024182
   402   56.102045    0.000005
   403   55.685327    0.000011
   404   55.150293    0.000015
   405   54.523354    0.000019
   406   53.820853    0.000022
   407   53.054609    0.000025
   408   52.233905    0.000029
   409   51.366412    0.000032
   410   50.458685    0.000037
   411   49.516457    0.000042
   412   48.544825    0.000049
   413   47.548372    0.000058
   414   46.531258    0.000067
   415   45.497280    0.000079
   416   44.449921    0.000093
   417   43.392386    0.000109
   418   42.327630    0.000127
   419   41.258380    0.000149
   420   40.187157    0.000174
   421   39.116289    0.000203
   422   38.047925    0.000236
   423   36.984047    0.000275
   424   35.926482    0.000321
   425   34.876908    0.000376
   426   33.836866    0.000438
   427   32.807763    0.000510
   428   31.790885    0.000591
   429   30.787398    0.000684
   430   29.798358    0.000790
   431   28.824716    0.000913
   432   27.867321    0.001054
   433   26.926931    0.001217
   434   26.004212    0.001404
   435   25.099745    0.001618
   436   24.214034    0.001864
   437   23.347504    0.002146
   438   22.500512    0.002470
   439   21.673348    0.002837
   440   20.866236    0.003251
   441   20.079346    0.003720
   442   19.312789    0.004257
   443   18.566627    0.004878
   444   17.840871    0.005600
   445   17.135491    0.006438
   446   16.450414    0.007406
   447   15.785528    0.008512
   448   15.140686    0.009774
   449   14.515710    0.011210
   450   13.910389    0.012851
   451   13.324488    0.014746
   452   12.757746    0.016942
   453   12.209880    0.019490
   454   11.680587    0.022442
   455   11.169545    0.025837
   456   10.676417    0.029726
   457   10.200854    0.034180
   458    9.742491    0.039287
   459    9.300956    0.045176
   460    8.875866    0.051971
   461    8.466833    0.059820
   462    8.073462    0.068851
   463    7.695353    0.079186
   464    7.332104    0.090949
   465    6.983310    0.104258
   466    6.648566    0.119359
   467    6.327468    0.136445
   468    6.019611    0.155834
   469    5.724594    0.177760
   470    5.442016    0.202688
   471    5.171482    0.230934
   472    4.912602    0.262778
   473    4.664987    0.298633
   474    4.428257    0.338803
   475    4.202035    0.383599
   476    3.985953    0.433501
   477    3.779648    0.489140
   478    3.582763    0.550792
   479    3.394951    0.619514
   480    3.215871    0.695591
   481    3.045189    0.779731
   482    2.882580    0.872707
   483    2.727727    0.974961
   484    2.580321    1.087626
   485    2.440062    1.211269
   486    2.306657    1.346403
   487    2.179822    1.493936
   488    2.059283    1.654631
   489    1.944771    1.829377
   490    1.836029    2.019652
   491    1.732804    2.226074
   492    1.634857    2.449613
   493    1.541951    2.691252
   494    1.453861    2.951084
   495    1.370370    3.230168
   496    1.291265    3.528713
   497    1.216345    3.846740
   498    1.145415    4.185385
   499    1.078286    4.546355
   500    1.014777    4.935756
   501    0.954716    5.360225
   502    0.897934    5.829038
   503    0.844273    6.347541
   504    0.793579    6.915853
   505    0.745703    7.527623
   506    0.700506    8.172246
   507    0.657852    8.837634
   508    0.617611    9.513701
   509    0.579661   10.195431
   510    0.543882   10.881523
   511    0.510163   11.573251
   512    0.478394   12.273063
   513    0.448474   12.982547
   514    0.420303   13.702298
   515    0.393789   14.434887
   516    0.368841   15.179494
   517    0.345376   15.934874
   518    0.323311   16.701363
   519    0.302571   17.472797
   520    0.283081   18.244572
   521    0.264773   19.014363
   522    0.247579   19.776055
   523    0.231438   20.532002
   524    0.216289   21.280199
   525    0.202076   22.019112
   526    0.188745   22.745258
   527    0.176245   23.450686
   528    0.164529   24.128828
   529    0.153549   24.772575
   530    0.143264   25.379024
   531    0.133631   25.948039
   532    0.124613   26.478389
   533    0.116172   26.968644
   534    0.108274   27.407754
   535    0.100887   27.794711
   536    0.093978   28.123313
   537    0.087520   28.395969
   538    0.081484   28.606839
   539    0.075845   28.749499
   540    0.070577   28.825062
   541    0.065658   28.829096
   542    0.061067   28.753463
   543    0.056781   28.618952
   544    0.052783   28.407844
   545    0.049054   28.142894
   546    0.045577   27.812258
   547    0.042335   27.426103
   548    0.039315   26.960236
   549    0.036500   26.439719
   550    0.033878   25.841636
   551    0.031437   25.170321
   552    0.029165   24.458089
   553    0.027050   23.705999
   554    0.025082   22.929257
   555    0.023251   22.138526
   556    0.021549   21.333135
   557    0.019967   20.495228
   558    0.018496   19.634086
   559    0.017129   18.755746
   560    0.015860   17.876259
   561    0.014681   17.011000
   562    0.013586   16.160586
   563    0.012570   15.321433
   564    0.011627   14.487594
   565    0.010753   13.649108
   566    0.009941   12.821694
   567    0.009189   12.012587
   568    0.008492   11.240541
   569    0.007845   10.519378
   570    0.007247    9.845395
   571    0.006692    9.206419
   572    0.006178    8.590667
   573    0.005703    7.988619
   574    0.005263    7.405810
   575    0.004855    6.849147
   576    0.004478    6.327285
   577    0.004130    5.837543
   578    0.003807    5.373197
   579    0.003510    4.936423
   580    0.003234    4.539218
   581    0.002980    4.201962
   582    0.002745    3.938302
   583    0.002528    3.749319
   584    0.002327    3.621823
   585    0.002142    3.537033
   586    0.001971    3.480608
   587    0.001814    3.443034
   588    0.001668    3.425985
   589    0.001534    3.433215
   590    0.001411    3.469578
   591    0.001297    3.539460
   592    0.001192    3.647541
   593    0.001095    3.795855
   594    0.001006    3.983374
   595    0.000924    4.207522
   596    0.000848    4.462707
   597    0.000779    4.743936
   598    0.000715    5.052971
   599    0.000656    5.391391
   600    0.000602    5.760897
   601    0.000552    6.165632
   602    0.000506    6.606659
   603    0.000464    7.085078
   604    0.000425    7.601888
   605    0.000390    8.160817
   606    0.000357    8.764981
   607    0.000327    9.414699
   608    0.000300   10.115880
   609    0.000274   10.865995
   610    0.000251   11.671296
   611    0.000230   12.531622
   612    0.000210   13.458083
   613    0.000193   14.449190
   614    0.000176   15.518578
   615    0.000161   16.662108
   616    0.000147   17.880615
   617    0.000135   19.185710
   618    0.000123   20.581777
   619    0.000112   22.077239
   620    0.000103   23.668786
   621    0.000094   25.371430
   622    0.000086   27.189227
   623    0.000078   29.119301
   624    0.000071   31.190847
   625    0.000065   33.387182
   626    0.000059   35.739165
   627    0.000054   38.243123
   628    0.000049   40.909631
   629    0.000045   43.757722
   630    0.000041   46.779599
   631    0.000037   49.990737
   632    0.000034   53.385471
   633    0.000031   56.984332
   634    0.000028   60.812444
   635    0.000026   64.857284
   636    0.000024   69.083799
   637    0.000021   73.575107
   638    0.000019   78.296930
   639    0.000018   83.251056
   640    0.000016   88.447209
   641    0.000015   93.874383
   642    0.000013   99.599633
   643    0.000012  105.489268
   644    0.000011  111.688092
   645    0.000010  118.015647
   646    0.000009  124.639154
   647    0.000008  131.429160
   648    0.000008  138.297827
   649    0.000007  145.291497
#CDM-nucleon cross sections[pb]:
   201 2.481491E-10 #proton SI
   202 0.000000E+00 #proton SD
   203 2.564586E-10 #neutron SI
   204 0.000000E+00 #neutron SD
