BLOCK DarkMatter
   1   3.394691E-02   #dark matter relick densisty
   2   2.836000E-01   #ratio omega_N/omega_0
   100 0.377788 # ~nI1 ~nI1 -> Wm Wp
   101 0.256180 # ~nI1 ~nI1 -> h1 h2
   102 0.167507 # ~nI1 ~nI1 -> Z Z
   103 0.139479 # ~nI1 ~nI1 -> h1 h1
   104 0.055777 # ~nI1 ~nI1 -> h2 h2
   301  1.414904E+02  #Dark Matter Mass (GeV)
   302  8.256527E-26  #SigmaV=[cm^3/s]
   401  141.490446    0.000024
   402  140.914680    0.000000
   403  139.867987    0.000000
   404  138.524113    0.000000
   405  136.949393    0.000000
   406  135.184882    0.000000
   407  133.260263    0.000000
   408  131.198854    0.000000
   409  129.019923    0.000000
   410  126.739934    0.000001
   411  124.373288    0.000001
   412  121.932784    0.000002
   413  119.429937    0.000002
   414  116.875194    0.000004
   415  114.278093    0.000005
   416  111.647383    0.000018
   417  108.991112    0.000091
   418  106.316703    0.000093
   419  103.631008    0.000108
   420  100.940357    0.000135
   421   98.250597    0.000146
   422   95.567126    0.000149
   423   92.894924    0.000157
   424   90.238578    0.000165
   425   87.602304    0.000174
   426   84.989971    0.000186
   427   82.405115    0.000199
   428   79.850964    0.000213
   429   77.330449    0.000231
   430   74.846222    0.000252
   431   72.400669    0.000277
   432   69.995928    0.000306
   433   67.633897    0.000340
   434   65.316250    0.000382
   435   63.044450    0.000431
   436   60.819759    0.000490
   437   58.643247    0.000559
   438   56.515810    0.000640
   439   54.438174    0.000738
   440   52.410907    0.000856
   441   50.434430    0.000997
   442   48.509025    0.001162
   443   46.634846    0.001354
   444   44.811926    0.001575
   445   43.040184    0.001831
   446   41.319436    0.002129
   447   39.649404    0.002453
   448   38.029719    0.002873
   449   36.459929    0.003295
   450   34.939511    0.003867
   451   33.467871    0.004525
   452   32.044353    0.005284
   453   30.668247    0.006154
   454   29.338790    0.007172
   455   28.055177    0.008373
   456   26.816561    0.009767
   457   25.622061    0.011366
   458   24.470766    0.013190
   459   23.361737    0.015277
   460   22.294016    0.017683
   461   21.266624    0.020473
   462   20.278571    0.023700
   463   19.328853    0.027414
   464   18.416460    0.031675
   465   17.540375    0.036574
   466   16.699581    0.042213
   467   15.893060    0.048691
   468   15.119798    0.056096
   469   14.378786    0.064548
   470   13.669019    0.074179
   471   12.989505    0.085206
   472   12.339260    0.097809
   473   11.717312    0.112208
   474   11.122703    0.128550
   475   10.554490    0.147117
   476   10.011744    0.168208
   477    9.493555    0.192147
   478    8.999029    0.219295
   479    8.527291    0.249979
   480    8.077485    0.284610
   481    7.648773    0.323668
   482    7.240339    0.367564
   483    6.851386    0.416860
   484    6.481139    0.472129
   485    6.128842    0.534094
   486    5.793761    0.603400
   487    5.475183    0.680899
   488    5.172417    0.767312
   489    4.884792    0.863725
   490    4.611657    0.971039
   491    4.352383    1.090287
   492    4.106362    1.222683
   493    3.873006    1.369302
   494    3.651746    1.531519
   495    3.442035    1.710550
   496    3.243344    1.907752
   497    3.055163    2.124523
   498    2.877003    2.362400
   499    2.708391    2.622823
   500    2.548873    2.907329
   501    2.398014    3.217433
   502    2.255393    3.555053
   503    2.120609    3.921700
   504    1.993276    4.319250
   505    1.873025    4.749869
   506    1.759500    5.216319
   507    1.652363    5.721474
   508    1.551289    6.268416
   509    1.455967    6.860387
   510    1.366100    7.500206
   511    1.281404    8.189612
   512    1.201610    8.929776
   513    1.126457    9.720950
   514    1.055699   10.563583
   515    0.989101   11.457906
   516    0.926439   12.403516
   517    0.867500   13.400733
   518    0.812079   14.449447
   519    0.759984   15.549555
   520    0.711031   16.701469
   521    0.665045   17.904003
   522    0.621859   19.156318
   523    0.581316   20.456756
   524    0.543265   21.803031
   525    0.507566   23.191048
   526    0.474082   24.617055
   527    0.442686   26.075491
   528    0.413256   27.561564
   529    0.385679   29.069487
   530    0.359844   30.594899
   531    0.335649   32.132057
   532    0.312998   33.675473
   533    0.291797   35.220758
   534    0.271959   36.761363
   535    0.253403   38.290281
   536    0.236051   39.802587
   537    0.219829   41.289539
   538    0.204668   42.744705
   539    0.190503   44.160102
   540    0.177273   45.525526
   541    0.164918   46.834418
   542    0.153385   48.077540
   543    0.142621   49.248627
   544    0.132579   50.338340
   545    0.123212   51.339372
   546    0.114478   52.248510
   547    0.106336   53.052201
   548    0.098749   53.754672
   549    0.091679   54.346918
   550    0.085094   54.827080
   551    0.078963   55.183418
   552    0.073254   55.423167
   553    0.067942   55.533837
   554    0.062999   55.509478
   555    0.058402   55.346006
   556    0.054126   55.051248
   557    0.050151   54.615869
   558    0.046457   54.038131
   559    0.043025   53.325839
   560    0.039836   52.489404
   561    0.036875   51.518639
   562    0.034125   50.443617
   563    0.031573   49.247673
   564    0.029205   47.954243
   565    0.027008   46.574179
   566    0.024970   45.116230
   567    0.023081   43.594604
   568    0.021329   42.022384
   569    0.019706   40.407942
   570    0.018202   38.764603
   571    0.016809   37.104940
   572    0.015518   35.436415
   573    0.014324   33.771893
   574    0.013218   32.123024
   575    0.012195   30.496079
   576    0.011248   28.896991
   577    0.010373   27.337311
   578    0.009563   25.820007
   579    0.008815   24.355051
   580    0.008123   22.944567
   581    0.007484   21.595456
   582    0.006894   20.311154
   583    0.006349   19.102836
   584    0.005845   17.973330
   585    0.005380   16.926516
   586    0.004951   15.972590
   587    0.004556   15.116366
   588    0.004191   14.358763
   589    0.003854   13.699609
   590    0.003543   13.138389
   591    0.003257   12.675454
   592    0.002994   12.307506
   593    0.002751   12.037351
   594    0.002527   11.865009
   595    0.002321   11.792034
   596    0.002131   11.818948
   597    0.001956   11.952311
   598    0.001796   12.189638
   599    0.001648   12.538186
   600    0.001512   12.993702
   601    0.001387   13.556915
   602    0.001272   14.228912
   603    0.001166   15.012427
   604    0.001069   15.910974
   605    0.000979   16.925790
   606    0.000897   18.068366
   607    0.000822   19.340612
   608    0.000753   20.752729
   609    0.000689   22.314961
   610    0.000631   24.034905
   611    0.000578   25.932309
   612    0.000529   28.017546
   613    0.000484   30.307284
   614    0.000442   32.816041
   615    0.000404   35.558417
   616    0.000370   38.559930
   617    0.000338   41.819755
   618    0.000309   45.370859
   619    0.000282   49.206068
   620    0.000258   53.352894
   621    0.000236   57.842327
   622    0.000215   62.668167
   623    0.000196   67.888751
   624    0.000179   73.523837
   625    0.000164   79.620813
   626    0.000149   86.229678
   627    0.000136   93.426448
   628    0.000124  101.229472
   629    0.000113  109.757355
   630    0.000103  119.080496
   631    0.000094  129.215835
   632    0.000086  140.245278
   633    0.000078  152.233799
   634    0.000071  165.264305
   635    0.000065  179.394167
   636    0.000059  194.667448
   637    0.000054  211.260515
   638    0.000049  229.195514
   639    0.000045  248.706669
   640    0.000041  269.807826
   641    0.000037  292.751274
   642    0.000034  317.680387
   643    0.000030  344.751492
   644    0.000028  374.125318
   645    0.000025  405.969967
   646    0.000023  440.457693
   647    0.000021  477.768674
   648    0.000019  518.122344
   649    0.000017  561.727312
#CDM-nucleon cross sections[pb]:
   201 8.164725E-09 #proton SI
   202 0.000000E+00 #proton SD
   203 8.706312E-09 #neutron SI
   204 0.000000E+00 #neutron SD
