BLOCK DarkMatter
   1   6.537284E-02   #dark matter relick densisty
   2   5.461390E-01   #ratio omega_N/omega_0
   100 0.985339 # ~nR1 ~nR1 -> nu4 nu4
   301  7.018776E+01  #Dark Matter Mass (GeV)
   302  4.800778E-26  #SigmaV=[cm^3/s]
   401   70.187756    0.004317
   402   69.902141    0.000000
   403   69.382918    0.000000
   404   68.716276    0.000000
   405   67.935121    0.000000
   406   67.059817    0.000000
   407   66.105091    0.000000
   408   65.082508    0.000000
   409   64.001627    0.000000
   410   62.870616    0.000000
   411   61.696618    0.000000
   412   60.485981    0.000000
   413   59.244419    0.000001
   414   57.977113    0.000001
   415   56.688795    0.000001
   416   55.383805    0.000001
   417   54.066135    0.000001
   418   52.739468    0.000001
   419   51.407202    0.000001
   420   50.072477    0.000001
   421   48.738194    0.000002
   422   47.407032    0.000002
   423   46.081459    0.000002
   424   44.763752    0.000002
   425   43.456002    0.000003
   426   42.160128    0.000003
   427   40.877884    0.000004
   428   39.610872    0.000004
   429   38.360545    0.000005
   430   37.128219    0.000006
   431   35.915078    0.000007
   432   34.722182    0.000008
   433   33.550473    0.000010
   434   32.400781    0.000011
   435   31.273832    0.000013
   436   30.170252    0.000016
   437   29.090571    0.000019
   438   28.035235    0.000022
   439   27.004602    0.000026
   440   25.998956    0.000030
   441   25.018505    0.000036
   442   24.063389    0.000042
   443   23.133684    0.000049
   444   22.229405    0.000058
   445   21.350515    0.000069
   446   20.496921    0.000081
   447   19.668485    0.000095
   448   18.865024    0.000111
   449   18.086314    0.000131
   450   17.332095    0.000153
   451   16.602073    0.000180
   452   15.895923    0.000210
   453   15.213292    0.000246
   454   14.553801    0.000287
   455   13.917052    0.000335
   456   13.302624    0.000391
   457   12.710081    0.000455
   458   12.138969    0.000529
   459   11.588824    0.000614
   460   11.059170    0.000713
   461   10.549522    0.000825
   462   10.059389    0.000955
   463    9.588272    0.001103
   464    9.135670    0.001273
   465    8.701079    0.001466
   466    8.283995    0.001687
   467    7.883912    0.001939
   468    7.500328    0.002224
   469    7.132741    0.002548
   470    6.780654    0.002916
   471    6.443574    0.003332
   472    6.121014    0.003800
   473    5.812490    0.004329
   474    5.517528    0.004923
   475    5.235661    0.005588
   476    4.966426    0.006333
   477    4.709373    0.007166
   478    4.464059    0.008093
   479    4.230048    0.009125
   480    4.006917    0.010272
   481    3.794251    0.011545
   482    3.591643    0.012953
   483    3.398699    0.014506
   484    3.215034    0.016217
   485    3.040273    0.018094
   486    2.874053    0.020149
   487    2.716020    0.022399
   488    2.565830    0.024856
   489    2.423150    0.027534
   490    2.287659    0.030454
   491    2.159043    0.033629
   492    2.037002    0.037078
   493    1.921243    0.040820
   494    1.811485    0.044877
   495    1.707456    0.049263
   496    1.608893    0.054001
   497    1.515544    0.059106
   498    1.427166    0.064607
   499    1.343525    0.070532
   500    1.264394    0.076943
   501    1.189559    0.083898
   502    1.118810    0.091477
   503    1.051949    0.099726
   504    0.988785    0.108671
   505    0.929133    0.118294
   506    0.872818    0.128545
   507    0.819671    0.139397
   508    0.769532    0.150748
   509    0.722247    0.162642
   510    0.677668    0.175031
   511    0.635654    0.188003
   512    0.596070    0.201519
   513    0.558790    0.215529
   514    0.523690    0.230191
   515    0.490653    0.245352
   516    0.459569    0.261098
   517    0.430332    0.277411
   518    0.402840    0.294169
   519    0.376998    0.311328
   520    0.352714    0.328950
   521    0.329902    0.346867
   522    0.308479    0.364995
   523    0.288368    0.383292
   524    0.269492    0.401809
   525    0.251783    0.420319
   526    0.235173    0.438694
   527    0.219599    0.457005
   528    0.205000    0.475140
   529    0.191320    0.492788
   530    0.178504    0.510001
   531    0.166502    0.526669
   532    0.155266    0.542742
   533    0.144749    0.558007
   534    0.134908    0.572399
   535    0.125703    0.585780
   536    0.117095    0.598064
   537    0.109048    0.609194
   538    0.101528    0.619047
   539    0.094501    0.627587
   540    0.087938    0.634725
   541    0.081809    0.640416
   542    0.076088    0.644491
   543    0.070749    0.646996
   544    0.065767    0.647880
   545    0.061121    0.646956
   546    0.056788    0.644260
   547    0.052749    0.639778
   548    0.048985    0.633556
   549    0.045478    0.625467
   550    0.042212    0.615614
   551    0.039170    0.604046
   552    0.036339    0.590825
   553    0.033703    0.576134
   554    0.031251    0.560169
   555    0.028971    0.542865
   556    0.026850    0.524821
   557    0.024878    0.505406
   558    0.023046    0.485413
   559    0.021343    0.464758
   560    0.019761    0.443567
   561    0.018292    0.422275
   562    0.016928    0.400811
   563    0.015662    0.379374
   564    0.014487    0.358034
   565    0.013398    0.336828
   566    0.012387    0.315949
   567    0.011449    0.295484
   568    0.010581    0.275589
   569    0.009775    0.256367
   570    0.009029    0.237906
   571    0.008338    0.220232
   572    0.007698    0.203482
   573    0.007105    0.187475
   574    0.006557    0.172344
   575    0.006049    0.157958
   576    0.005580    0.144532
   577    0.005146    0.131936
   578    0.004744    0.120185
   579    0.004373    0.109286
   580    0.004030    0.099249
   581    0.003713    0.090128
   582    0.003420    0.081914
   583    0.003149    0.074599
   584    0.002899    0.068111
   585    0.002669    0.062350
   586    0.002456    0.057233
   587    0.002260    0.052636
   588    0.002079    0.048519
   589    0.001912    0.044862
   590    0.001758    0.041694
   591    0.001616    0.039076
   592    0.001485    0.037069
   593    0.001364    0.035700
   594    0.001253    0.034948
   595    0.001151    0.034740
   596    0.001057    0.034981
   597    0.000970    0.035586
   598    0.000891    0.036520
   599    0.000817    0.037775
   600    0.000750    0.039352
   601    0.000688    0.041282
   602    0.000631    0.043555
   603    0.000578    0.046160
   604    0.000530    0.049087
   605    0.000486    0.052339
   606    0.000445    0.055911
   607    0.000408    0.059817
   608    0.000373    0.064079
   609    0.000342    0.068689
   610    0.000313    0.073714
   611    0.000287    0.079141
   612    0.000262    0.084996
   613    0.000240    0.091310
   614    0.000219    0.098100
   615    0.000201    0.105401
   616    0.000183    0.113169
   617    0.000168    0.121520
   618    0.000153    0.130466
   619    0.000140    0.140098
   620    0.000128    0.150401
   621    0.000117    0.161479
   622    0.000107    0.173241
   623    0.000097    0.185848
   624    0.000089    0.199491
   625    0.000081    0.214057
   626    0.000074    0.229667
   627    0.000068    0.246352
   628    0.000062    0.264241
   629    0.000056    0.283320
   630    0.000051    0.303598
   631    0.000047    0.325303
   632    0.000043    0.348234
   633    0.000039    0.372735
   634    0.000035    0.398748
   635    0.000032    0.426359
   636    0.000029    0.455419
   637    0.000027    0.486432
   638    0.000024    0.519246
   639    0.000022    0.553901
   640    0.000020    0.590667
   641    0.000018    0.629402
   642    0.000017    0.670564
   643    0.000015    0.713643
   644    0.000014    0.759622
   645    0.000012    0.807617
   646    0.000011    0.858753
   647    0.000010    0.912208
   648    0.000009    0.968147
   649    0.000009    1.026441
#CDM-nucleon cross sections[pb]:
   201 3.012198E-09 #proton SI
   202 0.000000E+00 #proton SD
   203 3.291362E-09 #neutron SI
   204 0.000000E+00 #neutron SD
