BLOCK DarkMatter
   1   6.551366E-03   #dark matter relick densisty
   2   5.473154E-02   #ratio omega_N/omega_0
   100 0.562786 # ~nR1 ~nR1 -> h2 h2
   101 0.192903 # ~nR1 ~nR1 -> h1 h2
   102 0.123673 # ~nR1 ~nR1 -> h1 h1
   103 0.080993 # ~nR1 ~nR1 -> Wm Wp
   104 0.035732 # ~nR1 ~nR1 -> Z Z
   301  1.384306E+02  #Dark Matter Mass (GeV)
   302  4.632361E-25  #SigmaV=[cm^3/s]
   401  138.430638    0.000033
   402  137.867324    0.000000
   403  136.843265    0.000000
   404  135.528453    0.000000
   405  133.987788    0.000000
   406  132.261435    0.000000
   407  130.378438    0.000000
   408  128.361608    0.000000
   409  126.229797    0.000000
   410  123.999114    0.000000
   411  121.683648    0.000000
   412  119.295921    0.000000
   413  116.847200    0.000000
   414  114.347704    0.000001
   415  111.806767    0.000001
   416  109.232947    0.000001
   417  106.634120    0.000013
   418  104.017547    0.000074
   419  101.389931    0.000074
   420   98.757467    0.000086
   421   96.125874    0.000087
   422   93.500435    0.000501
   423   90.886021    0.000503
   424   88.287120    0.000507
   425   85.707857    0.000511
   426   83.152016    0.000517
   427   80.623060    0.000523
   428   78.124143    0.000531
   429   75.658136    0.000540
   430   73.227631    0.000552
   431   70.834965    0.000566
   432   68.482228    0.000583
   433   66.171277    0.000604
   434   63.903751    0.000628
   435   61.681080    0.000659
   436   59.504498    0.000695
   437   57.375055    0.000739
   438   55.293625    0.000792
   439   53.260919    0.000856
   440   51.277492    0.000932
   441   49.343758    0.001024
   442   47.459991    0.001133
   443   45.626343    0.001264
   444   43.842843    0.001346
   445   42.109416    0.001187
   446   40.425881    0.001401
   447   38.791964    0.001622
   448   37.207305    0.001896
   449   35.671463    0.002240
   450   34.183925    0.002659
   451   32.744110    0.003149
   452   31.351376    0.003713
   453   30.005029    0.004390
   454   28.704323    0.005187
   455   27.448469    0.006124
   456   26.236639    0.007225
   457   25.067970    0.008514
   458   23.941572    0.010018
   459   22.856527    0.011775
   460   21.811896    0.013832
   461   20.806722    0.016244
   462   19.840036    0.019068
   463   18.910856    0.022372
   464   18.018194    0.026227
   465   17.161054    0.030727
   466   16.338443    0.035975
   467   15.549364    0.042094
   468   14.792824    0.049213
   469   14.067836    0.057487
   470   13.373419    0.067093
   471   12.708600    0.078246
   472   12.072417    0.091168
   473   11.463919    0.106118
   474   10.882168    0.123362
   475   10.326243    0.143235
   476    9.795235    0.166107
   477    9.288252    0.192399
   478    8.804421    0.222578
   479    8.342884    0.257140
   480    7.902805    0.296650
   481    7.483364    0.341742
   482    7.083762    0.393074
   483    6.703221    0.451380
   484    6.340980    0.517471
   485    5.996302    0.592254
   486    5.668468    0.676686
   487    5.356780    0.771827
   488    5.060561    0.878816
   489    4.779156    0.998901
   490    4.511927    1.133381
   491    4.258260    1.283659
   492    4.017560    1.451227
   493    3.789250    1.637608
   494    3.572775    1.844472
   495    3.367599    2.073543
   496    3.173205    2.326687
   497    2.989094    2.605854
   498    2.814786    2.913087
   499    2.649821    3.250517
   500    2.493752    3.620307
   501    2.346155    4.024660
   502    2.206619    4.465885
   503    2.074750    4.946231
   504    1.950171    5.468048
   505    1.832520    6.034060
   506    1.721450    6.647532
   507    1.616630    7.312590
   508    1.517742    8.034083
   509    1.424481    8.817628
   510    1.336557    9.668516
   511    1.253693   10.591379
   512    1.175624   11.589359
   513    1.102096   12.664189
   514    1.032869   13.816624
   515    0.967711   15.046141
   516    0.906404   16.352091
   517    0.848739   17.733830
   518    0.794517   19.191109
   519    0.743549   20.722607
   520    0.695655   22.326778
   521    0.650663   24.000450
   522    0.608411   25.739684
   523    0.568745   27.540233
   524    0.531517   29.397355
   525    0.496589   31.306008
   526    0.463830   33.262164
   527    0.433112   35.261007
   528    0.404319   37.297951
   529    0.377338   39.368136
   530    0.352062   41.467223
   531    0.328391   43.589318
   532    0.306229   45.727522
   533    0.285486   47.874716
   534    0.266078   50.021864
   535    0.247923   52.158837
   536    0.230946   54.277146
   537    0.215075   56.363521
   538    0.200242   58.409017
   539    0.186384   60.403036
   540    0.173439   62.333016
   541    0.161351   64.187043
   542    0.150068   65.952479
   543    0.139537   67.617525
   544    0.129712   69.170059
   545    0.120548   70.597920
   546    0.112003   71.890838
   547    0.104037   73.035360
   548    0.096613   74.024645
   549    0.089696   74.846682
   550    0.083254   75.495950
   551    0.077255   75.962261
   552    0.071670   76.241223
   553    0.066473   76.326828
   554    0.061637   76.214810
   555    0.057139   75.900225
   556    0.052956   75.385747
   557    0.049067   74.667654
   558    0.045453   73.750135
   559    0.042094   72.642838
   560    0.038974   71.353492
   561    0.036077   69.889154
   562    0.033387   68.265892
   563    0.030890   66.490421
   564    0.028573   64.576440
   565    0.026424   62.541162
   566    0.024430   60.402017
   567    0.022582   58.177142
   568    0.020868   55.887542
   569    0.019280   53.542922
   570    0.017808   51.161723
   571    0.016445   48.755406
   572    0.015183   46.340494
   573    0.014014   43.930673
   574    0.012932   41.546794
   575    0.011931   39.206129
   576    0.011005   36.905765
   577    0.010149   34.665556
   578    0.009357   32.491786
   579    0.008624   30.389942
   580    0.007948   28.368017
   581    0.007322   26.429812
   582    0.006745   24.582232
   583    0.006211   22.828813
   584    0.005719   21.172251
   585    0.005264   19.616770
   586    0.004844   18.160851
   587    0.004457   16.810693
   588    0.004100   15.579552
   589    0.003771   14.465044
   590    0.003467   13.466167
   591    0.003187   12.582300
   592    0.002929   11.810622
   593    0.002691   11.149957
   594    0.002472   10.596058
   595    0.002271   10.146846
   596    0.002085    9.798044
   597    0.001914    9.550351
   598    0.001757    9.399335
   599    0.001612    9.344268
   600    0.001479    9.382719
   601    0.001357    9.513092
   602    0.001244    9.734974
   603    0.001141   10.049228
   604    0.001045   10.456076
   605    0.000958   10.955782
   606    0.000878   11.549666
   607    0.000804   12.235903
   608    0.000737   13.015085
   609    0.000674   13.887991
   610    0.000617   14.856332
   611    0.000565   15.925651
   612    0.000517   17.100162
   613    0.000473   18.386953
   614    0.000433   19.791143
   615    0.000396   21.319736
   616    0.000362   22.981387
   617    0.000331   24.780680
   618    0.000302   26.729257
   619    0.000276   28.831475
   620    0.000252   31.097691
   621    0.000230   33.539956
   622    0.000210   36.165947
   623    0.000192   38.993197
   624    0.000175   42.035543
   625    0.000160   45.309040
   626    0.000146   48.834788
   627    0.000133   52.636428
   628    0.000122   56.731209
   629    0.000111   61.152392
   630    0.000101   65.927408
   631    0.000092   71.072382
   632    0.000084   76.617338
   633    0.000076   82.591243
   634    0.000070   89.019962
   635    0.000063   95.929715
   636    0.000058  103.344494
   637    0.000053  111.310858
   638    0.000048  119.851907
   639    0.000044  129.029986
   640    0.000040  138.855531
   641    0.000036  149.399263
   642    0.000033  160.707389
   643    0.000030  172.828099
   644    0.000027  185.811453
   645    0.000025  199.710032
   646    0.000022  214.579875
   647    0.000020  230.471764
   648    0.000018  247.449999
   649    0.000017  265.572211
#CDM-nucleon cross sections[pb]:
   201 2.689914E-10 #proton SI
   202 0.000000E+00 #proton SD
   203 3.700384E-10 #neutron SI
   204 0.000000E+00 #neutron SD
