BLOCK DarkMatter
   1   7.411303E-02   #dark matter relick densisty
   2   6.191565E-01   #ratio omega_N/omega_0
   100 0.170506 # ~nI1 ~nI1 -> Wm Wp
   101 0.141191 # ~nI1 ~nI1 -> h1 h2
   102 0.114271 # ~N1 ~N1 -> h2 Z
   103 0.107948 # ~N1 ~N1 -> h2 h2
   104 0.084695 # ~N1 ~N1 -> Wm Wp
   105 0.077557 # ~nI1 ~nI1 -> Z Z
   106 0.049213 # ~nI1 ~N1 -> Z nu4
   107 0.045156 # ~N1 ~N1 -> Z Z
   108 0.041045 # ~nI1 ~N1 -> h1 nu4
   109 0.040808 # ~nI1 ~nI1 -> h1 h1
   110 0.031506 # ~N1 ~N1 -> h1 Z
   111 0.023941 # ~nI1 ~N1 -> h2 nu4
   112 0.023918 # ~N1 ~N1 -> u3 U3
   113 0.018721 # ~nI1 ~nI1 -> h2 h2
   114 0.015991 # ~N1 ~N1 -> h1 h2
   301  1.622417E+02  #Dark Matter Mass (GeV)
   302  6.252291E-26  #SigmaV=[cm^3/s]
   401  162.241670    0.000015
   402  161.581462    0.000000
   403  160.381258    0.000000
   404  158.840289    0.000000
   405  157.034619    0.000000
   406  155.011321    0.000000
   407  152.804435    0.000000
   408  150.440696    0.000000
   409  147.942199    0.000001
   410  145.327824    0.000001
   411  142.614081    0.000002
   412  139.815649    0.000002
   413  136.945730    0.000059
   414  134.016304    0.000068
   415  131.038308    0.000082
   416  128.021773    0.000096
   417  124.975930    0.000098
   418  121.909288    0.000100
   419  118.829704    0.000105
   420  115.744438    0.000109
   421  112.660193    0.000114
   422  109.583159    0.000119
   423  106.519048    0.000126
   424  103.473118    0.000133
   425  100.450204    0.000142
   426   97.454741    0.000153
   427   94.490786    0.000165
   428   91.562039    0.000179
   429   88.671861    0.000197
   430   85.823293    0.000217
   431   83.019072    0.000242
   432   80.261647    0.000270
   433   77.553196    0.000305
   434   74.895640    0.000345
   435   72.290654    0.000393
   436   69.739685    0.000450
   437   67.243963    0.000517
   438   64.804513    0.000596
   439   62.422167    0.000689
   440   60.097578    0.000798
   441   57.831227    0.000927
   442   55.623440    0.001077
   443   53.474391    0.001254
   444   51.384117    0.001459
   445   49.352528    0.001700
   446   47.379414    0.001980
   447   45.464452    0.002305
   448   43.607220    0.002684
   449   41.807203    0.003126
   450   40.063798    0.003639
   451   38.376324    0.004221
   452   36.744031    0.004929
   453   35.166103    0.005672
   454   33.641666    0.006656
   455   32.169796    0.007726
   456   30.749523    0.008890
   457   29.379836    0.010316
   458   28.059689    0.011962
   459   26.788008    0.013848
   460   25.563693    0.016026
   461   24.385623    0.018544
   462   23.252660    0.021425
   463   22.163655    0.024740
   464   21.117448    0.028545
   465   20.112875    0.032906
   466   19.148769    0.037907
   467   18.223963    0.043634
   468   17.337293    0.050184
   469   16.487602    0.057661
   470   15.673740    0.066219
   471   14.894567    0.075944
   472   14.148956    0.087042
   473   13.435792    0.099634
   474   12.753977    0.113949
   475   12.102429    0.130217
   476   11.480083    0.148621
   477   10.885896    0.169484
   478   10.318842    0.193033
   479    9.777918    0.219629
   480    9.262142    0.249588
   481    8.770555    0.283252
   482    8.302219    0.321060
   483    7.856222    0.363439
   484    7.431673    0.410884
   485    7.027708    0.463993
   486    6.643483    0.523381
   487    6.278183    0.589608
   488    5.931013    0.663459
   489    5.601204    0.745574
   490    5.288010    0.836742
   491    4.990711    0.937882
   492    4.708608    1.049902
   493    4.441027    1.173938
   494    4.187317    1.311059
   495    3.946850    1.462396
   496    3.719018    1.629183
   497    3.503239    1.812591
   498    3.298949    2.013912
   499    3.105608    2.234249
   500    2.922695    2.474982
   501    2.749710    2.737286
   502    2.586172    3.022601
   503    2.431621    3.332272
   504    2.285614    3.668341
   505    2.147726    4.033007
   506    2.017552    4.429045
   507    1.894702    4.859263
   508    1.778804    5.325971
   509    1.669501    5.831487
   510    1.566454    6.377153
   511    1.469337    6.963775
   512    1.377840    7.592060
   513    1.291665    8.262483
   514    1.210529    8.975488
   515    1.134164    9.731301
   516    1.062312   10.530803
   517    0.994728   11.373420
   518    0.931180   12.260285
   519    0.871445   13.191319
   520    0.815312   14.167793
   521    0.762581   15.189788
   522    0.713062   16.257757
   523    0.666573   17.371207
   524    0.622942   18.529406
   525    0.582006   19.730889
   526    0.543612   20.973323
   527    0.507611   22.253246
   528    0.473865   23.567491
   529    0.442243   24.910811
   530    0.412619   26.278403
   531    0.384876   27.664706
   532    0.358902   29.064011
   533    0.334592   30.469156
   534    0.311845   31.873346
   535    0.290568   33.271239
   536    0.270671   34.656409
   537    0.252070   36.022611
   538    0.234685   37.365275
   539    0.218443   38.679474
   540    0.203272   39.959267
   541    0.189105   41.202055
   542    0.175880   42.399280
   543    0.163538   43.542895
   544    0.152023   44.629175
   545    0.141283   45.645747
   546    0.131268   46.590989
   547    0.121932   47.460264
   548    0.113231   48.248597
   549    0.105125   48.952584
   550    0.097574   49.567094
   551    0.090543   50.084876
   552    0.083998   50.501747
   553    0.077907   50.805927
   554    0.072239   50.994567
   555    0.066967   51.063524
   556    0.062064   51.011765
   557    0.057507   50.838292
   558    0.053271   50.539895
   559    0.049335   50.126774
   560    0.045678   49.592591
   561    0.042283   48.939396
   562    0.039130   48.178377
   563    0.036204   47.305572
   564    0.033488   46.337055
   565    0.030969   45.280087
   566    0.028632   44.132857
   567    0.026466   42.911125
   568    0.024457   41.623150
   569    0.022596   40.278761
   570    0.020871   38.893306
   571    0.019274   37.466747
   572    0.017794   36.006183
   573    0.016425   34.523050
   574    0.015157   33.034009
   575    0.013984   31.544421
   576    0.012898   30.065393
   577    0.011894   28.606232
   578    0.010966   27.171523
   579    0.010108   25.773272
   580    0.009315   24.408964
   581    0.008582   23.091710
   582    0.007905   21.818478
   583    0.007280   20.609334
   584    0.006702   19.458219
   585    0.006169   18.378400
   586    0.005678   17.376607
   587    0.005224   16.456967
   588    0.004805   15.620240
   589    0.004419   14.868518
   590    0.004063   14.202945
   591    0.003735   13.625619
   592    0.003433   13.139717
   593    0.003154   12.747115
   594    0.002897   12.448940
   595    0.002661   12.246134
   596    0.002444   12.140746
   597    0.002243   12.134024
   598    0.002059   12.227377
   599    0.001889   12.423316
   600    0.001733   12.727360
   601    0.001590   13.144377
   602    0.001458   13.678275
   603    0.001337   14.327037
   604    0.001225   15.093329
   605    0.001123   15.974676
   606    0.001029   16.969628
   607    0.000943   18.084909
   608    0.000863   19.330383
   609    0.000790   20.714067
   610    0.000724   22.255869
   611    0.000662   23.961260
   612    0.000606   25.835811
   613    0.000554   27.887256
   614    0.000507   30.142997
   615    0.000464   32.606391
   616    0.000424   35.296133
   617    0.000388   38.239978
   618    0.000354   41.447398
   619    0.000324   44.932268
   620    0.000296   48.715488
   621    0.000270   52.825126
   622    0.000247   57.267967
   623    0.000225   62.092907
   624    0.000206   67.304255
   625    0.000188   72.968056
   626    0.000171   79.110196
   627    0.000156   85.785408
   628    0.000142   93.043429
   629    0.000130  100.975789
   630    0.000118  109.628158
   631    0.000108  119.050600
   632    0.000098  129.273661
   633    0.000090  140.336451
   634    0.000082  152.390250
   635    0.000074  165.486552
   636    0.000068  179.728251
   637    0.000062  195.204811
   638    0.000056  212.035627
   639    0.000051  230.330761
   640    0.000046  250.243944
   641    0.000042  271.920357
   642    0.000038  295.498260
   643    0.000035  321.123926
   644    0.000032  348.913641
   645    0.000029  379.078236
   646    0.000026  411.788299
   647    0.000024  447.341511
   648    0.000022  485.949260
   649    0.000020  527.850893
#CDM-nucleon cross sections[pb]:
   201 7.001962E-09 #proton SI
   202 0.000000E+00 #proton SD
   203 7.489527E-09 #neutron SI
   204 0.000000E+00 #neutron SD
