BLOCK DarkMatter
   1   3.155387E-01   #dark matter relick densisty
   2   2.636080E+00   #ratio omega_N/omega_0
   100 0.915424 # ~nR1 ~nR1 -> nu4 nu4
   101 0.048629 # ~nR1 ~nR1 -> Wm Wp
   102 0.017740 # ~nR1 ~nR1 -> Z Z
   103 0.014202 # ~nR1 ~nR1 -> d3 D3
   301  9.879216E+01  #Dark Matter Mass (GeV)
   302  7.807364E-27  #SigmaV=[cm^3/s]
   401   98.792160    0.000090
   402   98.390146    0.000000
   403   97.659318    0.000000
   404   96.720992    0.000000
   405   95.621483    0.000000
   406   94.389457    0.000000
   407   93.045641    0.000000
   408   91.606313    0.000001
   409   90.084929    0.000001
   410   88.492984    0.000001
   411   86.840533    0.000001
   412   85.136512    0.000001
   413   83.388962    0.000001
   414   81.605176    0.000001
   415   79.791816    0.000001
   416   77.954988    0.000002
   417   76.100314    0.000002
   418   74.232975    0.000002
   419   72.357756    0.000003
   420   70.479076    0.000003
   421   68.601018    0.000004
   422   66.727352    0.000005
   423   64.861554    0.000006
   424   63.006827    0.000007
   425   61.166115    0.000008
   426   59.342118    0.000010
   427   57.537307    0.000012
   428   55.753935    0.000014
   429   53.994049    0.000016
   430   52.259499    0.000019
   431   50.551954    0.000022
   432   48.872903    0.000026
   433   47.223674    0.000031
   434   45.605436    0.000036
   435   44.019208    0.000041
   436   42.465873    0.000048
   437   40.946178    0.000057
   438   39.460749    0.000067
   439   38.010091    0.000079
   440   36.594603    0.000093
   441   35.214577    0.000110
   442   33.870212    0.000129
   443   32.561613    0.000152
   444   31.288805    0.000179
   445   30.051730    0.000211
   446   28.850261    0.000247
   447   27.684203    0.000290
   448   26.553298    0.000339
   449   25.457232    0.000397
   450   24.395638    0.000464
   451   23.368102    0.000541
   452   22.374167    0.000630
   453   21.413335    0.000734
   454   20.485075    0.000855
   455   19.588825    0.000996
   456   18.723992    0.001160
   457   17.889963    0.001348
   458   17.086099    0.001565
   459   16.311748    0.001815
   460   15.566238    0.002102
   461   14.848888    0.002432
   462   14.159004    0.002808
   463   13.495888    0.003237
   464   12.858832    0.003725
   465   12.247127    0.004284
   466   11.660064    0.004923
   467   11.096931    0.005652
   468   10.557020    0.006480
   469   10.039627    0.007418
   470    9.544050    0.008479
   471    9.069596    0.009684
   472    8.615579    0.011049
   473    8.181319    0.012587
   474    7.766149    0.014316
   475    7.369408    0.016256
   476    6.990450    0.018433
   477    6.628637    0.020870
   478    6.283347    0.023587
   479    5.953968    0.026618
   480    5.639901    0.029995
   481    5.340564    0.033752
   482    5.055385    0.037924
   483    4.783809    0.042561
   484    4.525293    0.047693
   485    4.279310    0.053372
   486    4.045348    0.059644
   487    3.822910    0.066562
   488    3.611511    0.074187
   489    3.410684    0.082590
   490    3.219974    0.091820
   491    3.038942    0.101952
   492    2.867164    0.113070
   493    2.704229    0.125234
   494    2.549740    0.138513
   495    2.403315    0.152977
   496    2.264584    0.168708
   497    2.133191    0.185758
   498    2.008795    0.204204
   499    1.891066    0.224198
   500    1.779687    0.245877
   501    1.674353    0.269461
   502    1.574772    0.295184
   503    1.480662    0.323221
   504    1.391755    0.353718
   505    1.307793    0.386638
   506    1.228527    0.421993
   507    1.153721    0.459722
   508    1.083149    0.499785
   509    1.016592    0.542230
   510    0.953845    0.587120
   511    0.894709    0.634470
   512    0.838994    0.684529
   513    0.786520    0.737278
   514    0.737115    0.793029
   515    0.690615    0.851575
   516    0.646863    0.913202
   517    0.605710    0.977738
   518    0.567014    1.045322
   519    0.530640    1.115905
   520    0.496460    1.189448
   521    0.464351    1.265774
   522    0.434197    1.344697
   523    0.405889    1.426074
   524    0.379322    1.509503
   525    0.354395    1.594848
   526    0.331016    1.681682
   527    0.309094    1.769732
   528    0.288546    1.858527
   529    0.269290    1.947803
   530    0.251252    2.037040
   531    0.234359    2.125772
   532    0.218543    2.213789
   533    0.203740    2.300701
   534    0.189889    2.386074
   535    0.176932    2.469323
   536    0.164817    2.549999
   537    0.153490    2.627145
   538    0.142905    2.700259
   539    0.133014    2.768930
   540    0.123776    2.832345
   541    0.115150    2.890065
   542    0.107097    2.941886
   543    0.099582    2.987521
   544    0.092570    3.026438
   545    0.086030    3.058648
   546    0.079932    3.083450
   547    0.074247    3.099964
   548    0.068949    3.108248
   549    0.064013    3.107397
   550    0.059415    3.097307
   551    0.055134    3.078000
   552    0.051148    3.049915
   553    0.047439    3.013059
   554    0.043988    2.967342
   555    0.040777    2.914796
   556    0.037792    2.854986
   557    0.035017    2.788514
   558    0.032438    2.717332
   559    0.030041    2.641240
   560    0.027814    2.560998
   561    0.025747    2.477220
   562    0.023827    2.389909
   563    0.022045    2.299796
   564    0.020392    2.207563
   565    0.018858    2.113606
   566    0.017435    2.018564
   567    0.016116    1.923040
   568    0.014893    1.827277
   569    0.013759    1.732591
   570    0.012709    1.639441
   571    0.011736    1.548583
   572    0.010835    1.460964
   573    0.010001    1.377102
   574    0.009229    1.297542
   575    0.008515    1.222731
   576    0.007854    1.153040
   577    0.007243    1.088281
   578    0.006677    1.028941
   579    0.006155    0.974737
   580    0.005672    0.925665
   581    0.005226    0.881574
   582    0.004813    0.842318
   583    0.004433    0.807800
   584    0.004081    0.777930
   585    0.003757    0.752973
   586    0.003457    0.733100
   587    0.003181    0.718892
   588    0.002926    0.710698
   589    0.002691    0.708813
   590    0.002474    0.713420
   591    0.002274    0.724480
   592    0.002090    0.741939
   593    0.001921    0.765789
   594    0.001764    0.796016
   595    0.001620    0.832745
   596    0.001488    0.875883
   597    0.001366    0.925082
   598    0.001254    0.980823
   599    0.001150    1.042385
   600    0.001055    1.110574
   601    0.000968    1.185254
   602    0.000888    1.267124
   603    0.000814    1.357314
   604    0.000746    1.457490
   605    0.000684    1.568497
   606    0.000627    1.691537
   607    0.000574    1.828350
   608    0.000526    1.980108
   609    0.000481    2.147103
   610    0.000441    2.329993
   611    0.000403    2.529569
   612    0.000369    2.746101
   613    0.000338    2.980444
   614    0.000309    3.234309
   615    0.000282    3.510586
   616    0.000258    3.810682
   617    0.000236    4.138187
   618    0.000216    4.497649
   619    0.000197    4.890465
   620    0.000180    5.322965
   621    0.000164    5.793756
   622    0.000150    6.305374
   623    0.000137    6.859620
   624    0.000125    7.454968
   625    0.000114    8.090371
   626    0.000104    8.766161
   627    0.000095    9.478670
   628    0.000087   10.237171
   629    0.000079   11.040335
   630    0.000072   11.901044
   631    0.000066   12.835362
   632    0.000060   13.859582
   633    0.000055   14.993188
   634    0.000050   16.253073
   635    0.000045   17.654184
   636    0.000041   19.199143
   637    0.000038   20.901622
   638    0.000034   22.744950
   639    0.000031   24.721644
   640    0.000028   26.836006
   641    0.000026   29.083091
   642    0.000023   31.479594
   643    0.000021   34.051410
   644    0.000019   36.844098
   645    0.000018   39.915247
   646    0.000016   43.328096
   647    0.000015   47.149348
   648    0.000013   51.442966
   649    0.000012   56.258327
#CDM-nucleon cross sections[pb]:
   201 2.327900E-09 #proton SI
   202 0.000000E+00 #proton SD
   203 2.538586E-09 #neutron SI
   204 0.000000E+00 #neutron SD
