BLOCK DarkMatter
   1   4.245370E-02   #dark matter relick densisty
   2   3.546675E-01   #ratio omega_N/omega_0
   100 0.371511 # ~nI1 ~nI1 -> Wm Wp
   101 0.275762 # ~nI1 ~nI1 -> h1 h2
   102 0.166812 # ~nI1 ~nI1 -> Z Z
   103 0.107669 # ~nI1 ~nI1 -> h1 h1
   104 0.050454 # ~nI1 ~nI1 -> h2 h2
   301  1.506214E+02  #Dark Matter Mass (GeV)
   302  7.181464E-26  #SigmaV=[cm^3/s]
   401  150.621362    0.000019
   402  150.008440    0.000000
   403  148.894199    0.000000
   404  147.463600    0.000000
   405  145.787258    0.000000
   406  143.908876    0.000000
   407  141.860054    0.000000
   408  139.665615    0.000000
   409  137.346068    0.000001
   410  134.918944    0.000001
   411  132.399569    0.000001
   412  129.801570    0.000002
   413  127.137205    0.000003
   414  124.417594    0.000004
   415  121.652892    0.000077
   416  118.852412    0.000078
   417  116.024723    0.000091
   418  113.177724    0.000116
   419  110.318711    0.000119
   420  107.454422    0.000122
   421  104.591081    0.000128
   422  101.734436    0.000134
   423   98.889787    0.000140
   424   96.062017    0.000148
   425   93.255614    0.000157
   426   90.474696    0.000167
   427   87.723030    0.000180
   428   85.004050    0.000195
   429   82.320877    0.000212
   430   79.676333    0.000233
   431   77.072959    0.000258
   432   74.513031    0.000287
   433   71.998569    0.000323
   434   69.531356    0.000364
   435   67.112948    0.000414
   436   64.744689    0.000472
   437   62.427719    0.000541
   438   60.162990    0.000623
   439   57.951276    0.000719
   440   55.793182    0.000832
   441   53.689155    0.000966
   442   51.639497    0.001122
   443   49.644370    0.001306
   444   47.703810    0.001522
   445   45.817730    0.001774
   446   43.985937    0.002068
   447   42.208131    0.002411
   448   40.483921    0.002810
   449   38.812827    0.003275
   450   37.194290    0.003815
   451   35.627679    0.004444
   452   34.112297    0.005150
   453   32.647385    0.005933
   454   31.232134    0.006913
   455   29.865684    0.008045
   456   28.547136    0.009356
   457   27.275550    0.010857
   458   26.049957    0.012595
   459   24.869359    0.014608
   460   23.732733    0.016927
   461   22.639041    0.019599
   462   21.587224    0.022669
   463   20.576218    0.026198
   464   19.604944    0.030250
   465   18.672322    0.034897
   466   17.777268    0.040229
   467   16.918700    0.046337
   468   16.095536    0.053330
   469   15.306703    0.061320
   470   14.551133    0.070472
   471   13.827767    0.080899
   472   13.135559    0.092796
   473   12.473474    0.106303
   474   11.840493    0.121696
   475   11.235611    0.139197
   476   10.657840    0.159004
   477   10.106211    0.181469
   478    9.579771    0.206875
   479    9.077590    0.235606
   480    8.598756    0.267964
   481    8.142377    0.304404
   482    7.707585    0.345335
   483    7.293532    0.391266
   484    6.899391    0.442739
   485    6.524359    0.500385
   486    6.167654    0.564839
   487    5.828518    0.636782
   488    5.506213    0.717085
   489    5.200026    0.806457
   490    4.909265    0.905861
   491    4.633259    1.016315
   492    4.371361    1.138714
   493    4.122946    1.274386
   494    3.887407    1.424272
   495    3.664163    1.589703
   496    3.452649    1.771906
   497    3.252325    1.972170
   498    3.062667    2.192045
   499    2.883174    2.432581
   500    2.713362    2.695486
   501    2.552766    2.982131
   502    2.400942    3.294120
   503    2.257460    3.632980
   504    2.121910    4.000762
   505    1.993898    4.399464
   506    1.873048    4.831845
   507    1.758997    5.300739
   508    1.651400    5.808788
   509    1.549926    6.358609
   510    1.454260    6.952396
   511    1.364098    7.591247
   512    1.279154    8.276221
   513    1.199151    9.007771
   514    1.123827    9.785910
   515    1.052931   10.610858
   516    0.986226   11.483663
   517    0.923483   12.403850
   518    0.864486   13.372167
   519    0.809029   14.388770
   520    0.756917   15.454182
   521    0.707963   16.568131
   522    0.661990   17.730596
   523    0.618830   18.940616
   524    0.578324   20.196780
   525    0.540321   21.497183
   526    0.504676   22.838735
   527    0.471254   24.216660
   528    0.439925   25.626904
   529    0.410568   27.063558
   530    0.383066   28.520348
   531    0.357310   29.992175
   532    0.333197   31.472343
   533    0.310627   32.955715
   534    0.289510   34.434359
   535    0.269756   35.904478
   536    0.251284   37.361671
   537    0.234015   38.796622
   538    0.217876   40.203393
   539    0.202797   41.575600
   540    0.188713   42.905850
   541    0.175561   44.187049
   542    0.163283   45.411658
   543    0.151825   46.570227
   544    0.141135   47.661787
   545    0.131164   48.671823
   546    0.121866   49.601333
   547    0.113199   50.444498
   548    0.105121   51.195362
   549    0.097595   51.848312
   550    0.090586   52.400508
   551    0.084058   52.842396
   552    0.077982   53.176404
   553    0.072327   53.390602
   554    0.067065   53.479610
   555    0.062171   53.440557
   556    0.057619   53.271424
   557    0.053388   52.969825
   558    0.049455   52.527944
   559    0.045801   51.963086
   560    0.042407   51.269295
   561    0.039254   50.445693
   562    0.036327   49.516092
   563    0.033611   48.468977
   564    0.031090   47.328594
   565    0.028751   46.096479
   566    0.026582   44.785782
   567    0.024570   43.403113
   568    0.022706   41.960941
   569    0.020978   40.466759
   570    0.019376   38.934510
   571    0.017893   37.369766
   572    0.016520   35.789313
   573    0.015248   34.203115
   574    0.014071   32.612102
   575    0.012982   31.035801
   576    0.011974   29.480016
   577    0.011042   27.953331
   578    0.010181   26.466474
   579    0.009384   25.019215
   580    0.008648   23.619165
   581    0.007967   22.277454
   582    0.007339   20.990211
   583    0.006758   19.776145
   584    0.006222   18.630027
   585    0.005727   17.559285
   586    0.005271   16.574580
   587    0.004850   15.678825
   588    0.004461   14.876258
   589    0.004103   14.167097
   590    0.003772   13.552888
   591    0.003468   13.034523
   592    0.003187   12.608491
   593    0.002928   12.280110
   594    0.002690   12.048194
   595    0.002471   11.915826
   596    0.002269   11.884661
   597    0.002083   11.957790
   598    0.001911   12.136307
   599    0.001754   12.420693
   600    0.001609   12.815185
   601    0.001476   13.320477
   602    0.001354   13.938950
   603    0.001241   14.668369
   604    0.001138   15.515836
   605    0.001043   16.482700
   606    0.000955   17.571296
   607    0.000875   18.787135
   608    0.000801   20.141928
   609    0.000734   21.634371
   610    0.000672   23.285787
   611    0.000615   25.101505
   612    0.000563   27.091155
   613    0.000515   29.262521
   614    0.000471   31.649202
   615    0.000431   34.254670
   616    0.000394   37.096887
   617    0.000360   40.197925
   618    0.000329   43.570289
   619    0.000301   47.223496
   620    0.000275   51.191752
   621    0.000251   55.501350
   622    0.000229   60.149440
   623    0.000209   65.192609
   624    0.000191   70.645966
   625    0.000174   76.580106
   626    0.000159   83.041603
   627    0.000145   90.055557
   628    0.000132   97.669666
   629    0.000121  105.970961
   630    0.000110  114.988458
   631    0.000100  124.823779
   632    0.000091  135.478479
   633    0.000083  147.012307
   634    0.000076  159.596703
   635    0.000069  173.225182
   636    0.000063  188.092551
   637    0.000057  204.192862
   638    0.000052  221.757377
   639    0.000047  240.848417
   640    0.000043  261.656890
   641    0.000039  284.272516
   642    0.000036  308.851419
   643    0.000032  335.524727
   644    0.000029  364.416042
   645    0.000027  395.732051
   646    0.000024  429.576816
   647    0.000022  466.224050
   648    0.000020  505.851698
   649    0.000018  548.731428
#CDM-nucleon cross sections[pb]:
   201 7.534959E-09 #proton SI
   202 0.000000E+00 #proton SD
   203 8.045968E-09 #neutron SI
   204 0.000000E+00 #neutron SD
