BLOCK DarkMatter
   1   4.369225E-01   #dark matter relick densisty
   2   3.650146E+00   #ratio omega_N/omega_0
   100 0.846484 # ~nI1 ~nI1 -> d3 D3
   101 0.148015 # ~nI1 ~nI1 -> e3 E3
   301  4.327779E+01  #Dark Matter Mass (GeV)
   302  4.121839E-27  #SigmaV=[cm^3/s]
   401   43.277791    0.000176
   402   43.101681    0.000007
   403   42.781528    0.000016
   404   42.370476    0.000023
   405   41.888816    0.000029
   406   41.349103    0.000035
   407   40.760419    0.000041
   408   40.129894    0.000047
   409   39.463422    0.000054
   410   38.766041    0.000061
   411   38.042153    0.000072
   412   37.295674    0.000085
   413   36.530126    0.000102
   414   35.748705    0.000122
   415   34.954328    0.000144
   416   34.149670    0.000170
   417   33.337195    0.000201
   418   32.519171    0.000239
   419   31.697696    0.000283
   420   30.874704    0.000333
   421   30.051985    0.000388
   422   29.231190    0.000452
   423   28.413842    0.000528
   424   27.601343    0.000620
   425   26.794984    0.000730
   426   25.995947    0.000855
   427   25.205316    0.000997
   428   24.424075    0.001155
   429   23.653124    0.001333
   430   22.893271    0.001537
   431   22.145248    0.001774
   432   21.409708    0.002050
   433   20.687232    0.002368
   434   19.978331    0.002735
   435   19.283454    0.003157
   436   18.602986    0.003642
   437   17.937255    0.004197
   438   17.286534    0.004831
   439   16.651046    0.005544
   440   16.030964    0.006344
   441   15.426418    0.007242
   442   14.837493    0.008263
   443   14.264236    0.009437
   444   13.706658    0.010800
   445   13.164734    0.012380
   446   12.638408    0.014202
   447   12.127594    0.016285
   448   11.632179    0.018657
   449   11.152026    0.021363
   450   10.686975    0.024451
   451   10.236843    0.028007
   452    9.801431    0.032112
   453    9.380520    0.036862
   454    8.973878    0.042355
   455    8.581259    0.048690
   456    8.202402    0.055953
   457    7.837040    0.064277
   458    7.484892    0.073807
   459    7.145672    0.084774
   460    6.819088    0.097394
   461    6.504839    0.111934
   462    6.202622    0.128625
   463    5.912131    0.147701
   464    5.633057    0.169398
   465    5.365088    0.193961
   466    5.107913    0.221789
   467    4.861222    0.253319
   468    4.624704    0.289009
   469    4.398050    0.329375
   470    4.180953    0.375138
   471    3.973110    0.426888
   472    3.774219    0.485120
   473    3.583983    0.550594
   474    3.402110    0.623755
   475    3.228310    0.705412
   476    3.062300    0.796259
   477    2.903801    0.897307
   478    2.752540    1.009061
   479    2.608249    1.133326
   480    2.470666    1.270475
   481    2.339536    1.422019
   482    2.214608    1.589257
   483    2.095639    1.773052
   484    1.982391    1.975541
   485    1.874633    2.197303
   486    1.772142    2.439600
   487    1.674699    2.703577
   488    1.582091    2.990259
   489    1.494115    3.301403
   490    1.410571    3.638835
   491    1.331267    4.004049
   492    1.256016    4.398303
   493    1.184639    4.823105
   494    1.116962    5.278464
   495    1.052818    5.765107
   496    0.992044    6.282114
   497    0.934485    6.828510
   498    0.879991    7.405280
   499    0.828418    8.015088
   500    0.779626    8.670832
   501    0.733482    9.386345
   502    0.689859   10.179162
   503    0.648632   11.058677
   504    0.609685   12.020927
   505    0.572904   13.049162
   506    0.538180   14.117910
   507    0.505410   15.200353
   508    0.474494   16.275695
   509    0.445338   17.335269
   510    0.417850   18.377898
   511    0.391944   19.408394
   512    0.367537   20.431624
   513    0.344550   21.451628
   514    0.322907   22.468216
   515    0.302537   23.486734
   516    0.283371   24.501847
   517    0.265343   25.512649
   518    0.248391   26.522412
   519    0.232457   27.520279
   520    0.217484   28.500796
   521    0.203418   29.462434
   522    0.190208   30.393831
   523    0.177807   31.296036
   524    0.166169   32.168391
   525    0.155250   33.009689
   526    0.145008   33.817817
   527    0.135405   34.583179
   528    0.126403   35.292456
   529    0.117968   35.935091
   530    0.110066   36.507142
   531    0.102665   37.005725
   532    0.095737   37.432398
   533    0.089252   37.791386
   534    0.083184   38.073347
   535    0.077509   38.275301
   536    0.072201   38.395586
   537    0.067239   38.442530
   538    0.062602   38.397306
   539    0.058269   38.261532
   540    0.054222   38.034176
   541    0.050444   37.710351
   542    0.046916   37.285584
   543    0.043624   36.796189
   544    0.040552   36.217547
   545    0.037687   35.591658
   546    0.035016   34.895598
   547    0.032525   34.149534
   548    0.030204   33.306578
   549    0.028042   32.406703
   550    0.026028   31.418969
   551    0.024152   30.349250
   552    0.022406   29.246409
   553    0.020781   28.117819
   554    0.019270   26.983301
   555    0.017863   25.851632
   556    0.016556   24.712804
   557    0.015340   23.558382
   558    0.014210   22.372505
   559    0.013160   21.173227
   560    0.012185   19.977295
   561    0.011279   18.806550
   562    0.010438   17.668344
   563    0.009657   16.566776
   564    0.008933   15.505844
   565    0.008261   14.479272
   566    0.007638   13.508540
   567    0.007060   12.595367
   568    0.006524   11.755621
   569    0.006027   10.993559
   570    0.005567   10.295832
   571    0.005141    9.636892
   572    0.004747    8.998084
   573    0.004381    8.371425
   574    0.004043    7.766965
   575    0.003730    7.198199
   576    0.003441    6.671730
   577    0.003173    6.188676
   578    0.002925    5.736424
   579    0.002696    5.317088
   580    0.002485    4.948387
   581    0.002289    4.660342
   582    0.002109    4.474465
   583    0.001942    4.392507
   584    0.001788    4.396960
   585    0.001646    4.459918
   586    0.001514    4.561460
   587    0.001393    4.690219
   588    0.001282    4.850349
   589    0.001179    5.047460
   590    0.001084    5.286280
   591    0.000996    5.567487
   592    0.000916    5.892602
   593    0.000841    6.262178
   594    0.000773    6.674050
   595    0.000710    7.129246
   596    0.000652    7.625584
   597    0.000598    8.160554
   598    0.000549    8.739513
   599    0.000504    9.366149
   600    0.000462   10.042730
   601    0.000424   10.775525
   602    0.000389   11.566092
   603    0.000357   12.415721
   604    0.000327   13.328141
   605    0.000300   14.308026
   606    0.000274   15.361783
   607    0.000251   16.486482
   608    0.000230   17.692769
   609    0.000211   18.979320
   610    0.000193   20.348304
   611    0.000177   21.804872
   612    0.000162   23.367954
   613    0.000148   25.033986
   614    0.000135   26.829545
   615    0.000124   28.738273
   616    0.000113   30.767847
   617    0.000103   32.932374
   618    0.000095   35.239511
   619    0.000086   37.696955
   620    0.000079   40.293846
   621    0.000072   43.060361
   622    0.000066   45.990984
   623    0.000060   49.091460
   624    0.000055   52.394002
   625    0.000050   55.881357
   626    0.000046   59.601085
   627    0.000042   63.545259
   628    0.000038   67.710443
   629    0.000035   72.145339
   630    0.000032   76.836271
   631    0.000029   81.775388
   632    0.000026   86.966839
   633    0.000024   92.388025
   634    0.000022   98.097927
   635    0.000020  104.042235
   636    0.000018  110.155277
   637    0.000016  116.530849
   638    0.000015  123.098952
   639    0.000014  129.847733
   640    0.000012  136.758661
   641    0.000011  143.806078
   642    0.000010  151.069361
   643    0.000009  158.327649
   644    0.000008  165.751324
   645    0.000008  173.061293
   646    0.000007  180.448896
   647    0.000006  187.706838
   648    0.000006  194.611534
   649    0.000005  201.191087
#CDM-nucleon cross sections[pb]:
   201 1.994930E-09 #proton SI
   202 0.000000E+00 #proton SD
   203 2.484821E-09 #neutron SI
   204 0.000000E+00 #neutron SD
