BLOCK DarkMatter
   1   1.303485E+00   #dark matter relick densisty
   2   1.088960E+01   #ratio omega_N/omega_0
   100 0.803644 # ~nR1 ~nR1 -> d3 D3
   101 0.140180 # ~nR1 ~nR1 -> e3 E3
   102 0.041854 # ~nR1 ~nR1 -> g g
   103 0.011823 # ~nR1 ~nR1 -> u2 U2
   301  4.445592E+01  #Dark Matter Mass (GeV)
   302  3.887467E-28  #SigmaV=[cm^3/s]
   401   44.455918    0.034059
   402   44.275014    0.000007
   403   43.946146    0.000016
   404   43.523904    0.000023
   405   43.029131    0.000029
   406   42.474727    0.000034
   407   41.870017    0.000040
   408   41.222328    0.000046
   409   40.537713    0.000053
   410   39.821347    0.000060
   411   39.077753    0.000070
   412   38.310953    0.000082
   413   37.524565    0.000098
   414   36.721872    0.000117
   415   35.905870    0.000138
   416   35.079308    0.000163
   417   34.244715    0.000193
   418   33.404423    0.000228
   419   32.560585    0.000270
   420   31.715189    0.000317
   421   30.870074    0.000369
   422   30.026934    0.000430
   423   29.187336    0.000502
   424   28.352719    0.000589
   425   27.524409    0.000693
   426   26.703621    0.000811
   427   25.891466    0.000946
   428   25.088958    0.001096
   429   24.297019    0.001265
   430   23.516482    0.001460
   431   22.748096    0.001687
   432   21.992533    0.001949
   433   21.250389    0.002253
   434   20.522190    0.002603
   435   19.808397    0.003005
   436   19.109405    0.003468
   437   18.425551    0.003999
   438   17.757116    0.004606
   439   17.104328    0.005290
   440   16.467366    0.006059
   441   15.846362    0.006925
   442   15.241405    0.007910
   443   14.652544    0.009045
   444   14.079787    0.010364
   445   13.523110    0.011896
   446   12.982456    0.013663
   447   12.457736    0.015684
   448   11.948835    0.017987
   449   11.455612    0.020612
   450   10.977901    0.023610
   451   10.515515    0.027064
   452   10.068250    0.031055
   453    9.635881    0.035676
   454    9.218169    0.041023
   455    8.814861    0.047186
   456    8.425692    0.054249
   457    8.050383    0.062341
   458    7.688649    0.071606
   459    7.340195    0.082269
   460    7.004720    0.094545
   461    6.681916    0.108695
   462    6.371473    0.124943
   463    6.073074    0.143517
   464    5.786402    0.164642
   465    5.511139    0.188548
   466    5.246963    0.215632
   467    4.993557    0.246307
   468    4.750600    0.281033
   469    4.517776    0.320304
   470    4.294769    0.364842
   471    4.081268    0.415218
   472    3.876962    0.471908
   473    3.681548    0.535644
   474    3.494723    0.606881
   475    3.316192    0.686363
   476    3.145663    0.774794
   477    2.982850    0.873186
   478    2.827471    0.982034
   479    2.679252    1.103122
   480    2.537924    1.236804
   481    2.403224    1.384515
   482    2.274895    1.547529
   483    2.152687    1.726676
   484    2.036356    1.924032
   485    1.925666    2.140247
   486    1.820384    2.376477
   487    1.720288    2.633891
   488    1.625160    2.913529
   489    1.534789    3.217071
   490    1.448970    3.546394
   491    1.367507    3.902886
   492    1.290208    4.287852
   493    1.216888    4.702788
   494    1.147369    5.147676
   495    1.081478    5.623476
   496    1.019050    6.129498
   497    0.959924    6.665049
   498    0.903947    7.231242
   499    0.850969    7.830648
   500    0.800849    8.475305
   501    0.753449    9.178010
   502    0.708638    9.955398
   503    0.666290   10.816480
   504    0.626282   11.758156
   505    0.588499   12.765168
   506    0.552830   13.814263
   507    0.519168   14.880457
   508    0.487411   15.944182
   509    0.457461   16.996918
   510    0.429225   18.037232
   511    0.402614   19.069152
   512    0.377542   20.097270
   513    0.353930   21.125158
   514    0.331698   22.152398
   515    0.310773   23.184330
   516    0.291085   24.216051
   517    0.272566   25.246521
   518    0.255153   26.278432
   519    0.238785   27.300980
   520    0.223404   28.308132
   521    0.208955   29.297967
   522    0.195386   30.259576
   523    0.182648   31.194482
   524    0.170693   32.101688
   525    0.159476   32.979957
   526    0.148955   33.826568
   527    0.139091   34.631324
   528    0.129844   35.381180
   529    0.121179   36.065209
   530    0.113062   36.679482
   531    0.105460   37.221417
   532    0.098343   37.692214
   533    0.091682   38.095361
   534    0.085449   38.419713
   535    0.079619   38.663486
   536    0.074167   38.823237
   537    0.069070   38.906625
   538    0.064306   38.897190
   539    0.059856   38.794700
   540    0.055699   38.597968
   541    0.051817   38.302528
   542    0.048193   37.902322
   543    0.044811   37.434250
   544    0.041656   36.873237
   545    0.038713   36.261687
   546    0.035969   35.576916
   547    0.033411   34.839091
   548    0.031027   34.001704
   549    0.028805   33.105021
   550    0.026736   32.117383
   551    0.024810   31.044283
   552    0.023016   29.935258
   553    0.021347   28.797503
   554    0.019794   27.651770
   555    0.018350   26.507368
   556    0.017006   25.354871
   557    0.015757   24.185587
   558    0.014597   22.984759
   559    0.013518   21.771519
   560    0.012516   20.563470
   561    0.011586   19.382217
   562    0.010722   18.234094
   563    0.009920   17.119794
   564    0.009176   16.040746
   565    0.008486   14.988263
   566    0.007846   13.984609
   567    0.007252   13.033736
   568    0.006702   12.154563
   569    0.006192   11.354475
   570    0.005719   10.621080
   571    0.005281    9.928406
   572    0.004876    9.256811
   573    0.004501    8.597541
   574    0.004153    7.960698
   575    0.003832    7.360233
   576    0.003534    6.803035
   577    0.003259    6.290075
   578    0.003005    5.808376
   579    0.002770    5.360005
   580    0.002552    4.963277
   581    0.002352    4.649115
   582    0.002166    4.439549
   583    0.001995    4.336146
   584    0.001836    4.320582
   585    0.001690    4.363948
   586    0.001556    4.445764
   587    0.001431    4.554481
   588    0.001317    4.694389
   589    0.001211    4.871223
   590    0.001113    5.089571
   591    0.001023    5.350161
   592    0.000941    5.654375
   593    0.000864    6.002596
   594    0.000794    6.392533
   595    0.000729    6.825026
   596    0.000670    7.297448
   597    0.000615    7.807165
   598    0.000564    8.359380
   599    0.000518    8.957686
   600    0.000475    9.604180
   601    0.000436   10.304764
   602    0.000400   11.061037
   603    0.000366   11.874368
   604    0.000336   12.748065
   605    0.000308   13.687004
   606    0.000282   14.697574
   607    0.000258   15.777087
   608    0.000237   16.935839
   609    0.000217   18.171847
   610    0.000198   19.488214
   611    0.000181   20.888972
   612    0.000166   22.393215
   613    0.000152   23.997092
   614    0.000139   25.726687
   615    0.000127   27.566670
   616    0.000116   29.523486
   617    0.000106   31.611887
   618    0.000097   33.839479
   619    0.000089   36.213776
   620    0.000081   38.724998
   621    0.000074   41.401076
   622    0.000068   44.239528
   623    0.000062   47.242868
   624    0.000056   50.445669
   625    0.000051   53.828254
   626    0.000047   57.438690
   627    0.000043   61.268557
   628    0.000039   65.316908
   629    0.000036   69.630593
   630    0.000032   74.195331
   631    0.000030   79.006853
   632    0.000027   84.070187
   633    0.000025   89.369244
   634    0.000022   94.962526
   635    0.000020  100.799773
   636    0.000019  106.817890
   637    0.000017  113.115575
   638    0.000015  119.626377
   639    0.000014  126.340669
   640    0.000013  133.242689
   641    0.000012  140.310365
   642    0.000011  147.625525
   643    0.000010  154.967608
   644    0.000009  162.512542
   645    0.000008  169.981885
   646    0.000007  177.574103
   647    0.000007  185.088151
   648    0.000006  192.306553
   649    0.000005  199.274634
#CDM-nucleon cross sections[pb]:
   201 4.699985E-10 #proton SI
   202 0.000000E+00 #proton SD
   203 3.923406E-10 #neutron SI
   204 0.000000E+00 #neutron SD
