BLOCK DarkMatter
   1   5.754163E-02   #dark matter relick densisty
   2   4.807153E-01   #ratio omega_N/omega_0
   100 0.695939 # ~nI1 ~nR1 -> nu4 nu4
   101 0.170635 # ~nR1 ~nR1 -> Wm Wp
   102 0.072028 # ~nR1 ~nR1 -> Z Z
   103 0.034838 # ~nR1 ~nR1 -> nu4 nu4
   104 0.013743 # ~nR1 ~nR1 -> h1 h2
   301  1.177526E+02  #Dark Matter Mass (GeV)
   302  8.909496E-27  #SigmaV=[cm^3/s]
   401  117.752573    0.000226
   402  117.273404    0.000000
   403  116.402314    0.000000
   404  115.283902    0.000000
   405  113.973373    0.000000
   406  112.504894    0.000000
   407  110.903169    0.000000
   408  109.187603    0.000000
   409  107.374231    0.000000
   410  105.476757    0.000000
   411  103.507163    0.000001
   412  101.476103    0.000001
   413   99.393159    0.000002
   414   97.267025    0.000004
   415   95.105640    0.000006
   416   92.916285    0.000008
   417   90.705657    0.000011
   418   88.479934    0.000014
   419   86.244819    0.000018
   420   84.005578    0.000022
   421   81.767080    0.000027
   422   79.533815    0.000032
   423   77.309929    0.000038
   424   75.099239    0.000046
   425   72.905253    0.000054
   426   70.731191    0.000069
   427   68.579997    0.000083
   428   66.454356    0.000100
   429   64.356708    0.000120
   430   62.289260    0.000143
   431   60.253998    0.000180
   432   58.252701    0.000219
   433   56.286948    0.000262
   434   54.358133    0.000310
   435   52.467474    0.000368
   436   50.616019    0.000440
   437   48.804661    0.000528
   438   47.034144    0.000633
   439   45.305073    0.000753
   440   43.617921    0.000896
   441   41.973038    0.001064
   442   40.370659    0.001262
   443   38.810911    0.001493
   444   37.293822    0.001760
   445   35.819326    0.002071
   446   34.387268    0.002439
   447   32.997418    0.002878
   448   31.649467    0.003395
   449   30.343042    0.003996
   450   29.077704    0.004688
   451   27.852961    0.005487
   452   26.668267    0.006413
   453   25.523030    0.007492
   454   24.416617    0.008736
   455   23.348356    0.010164
   456   22.317543    0.011804
   457   21.323444    0.013701
   458   20.365302    0.015899
   459   19.442335    0.018436
   460   18.553745    0.021335
   461   17.698720    0.024630
   462   16.876432    0.028373
   463   16.086049    0.032639
   464   15.326727    0.037502
   465   14.597623    0.043042
   466   13.897889    0.049355
   467   13.226679    0.056550
   468   12.583147    0.064696
   469   11.966455    0.073859
   470   11.375766    0.084116
   471   10.810254    0.095632
   472   10.269100    0.108691
   473    9.751497    0.123475
   474    9.256645    0.140252
   475    8.783761    0.159119
   476    8.332072    0.180250
   477    7.900820    0.203860
   478    7.489261    0.230251
   479    7.096666    0.259724
   480    6.722324    0.292599
   481    6.365537    0.329318
   482    6.025626    0.370128
   483    5.701928    0.415426
   484    5.393797    0.465806
   485    5.100605    0.521526
   486    4.821741    0.583239
   487    4.556611    0.651507
   488    4.304640    0.726824
   489    4.065270    0.809984
   490    3.837959    0.901490
   491    3.622183    1.002334
   492    3.417437    1.113110
   493    3.223231    1.234797
   494    3.039092    1.368150
   495    2.864564    1.514361
   496    2.699208    1.673991
   497    2.542598    1.848248
   498    2.394328    2.038189
   499    2.254004    2.244797
   500    2.121248    2.469113
   501    1.995698    2.712269
   502    1.877005    2.975508
   503    1.764834    3.260222
   504    1.658864    3.567962
   505    1.558787    3.899692
   506    1.464309    4.257346
   507    1.375146    4.641858
   508    1.291029    5.055186
   509    1.211699    5.498648
   510    1.136909    5.973349
   511    1.066423    6.480294
   512    1.000015    7.020907
   513    0.937471    7.595656
   514    0.878584    8.205674
   515    0.823159    8.851152
   516    0.771010    9.532042
   517    0.721959   10.248817
   518    0.675836   11.000676
   519    0.632482   11.788265
   520    0.591741   12.608969
   521    0.553470   13.464193
   522    0.517530   14.351589
   523    0.483788   15.271401
   524    0.452122   16.219565
   525    0.422411   17.194953
   526    0.394545   18.195731
   527    0.368416   19.218795
   528    0.343924   20.260006
   529    0.320973   21.315225
   530    0.299473   22.379743
   531    0.279337   23.449282
   532    0.260486   24.519965
   533    0.242842   25.584146
   534    0.226333   26.638931
   535    0.210890   27.674548
   536    0.196449   28.690051
   537    0.182948   29.675758
   538    0.170331   30.627279
   539    0.158543   31.538338
   540    0.147531   32.401521
   541    0.137250   33.211821
   542    0.127651   33.966329
   543    0.118694   34.650058
   544    0.110336   35.270014
   545    0.102541   35.814343
   546    0.095272   36.278359
   547    0.088496   36.665050
   548    0.082181   36.956555
   549    0.076298   37.162691
   550    0.070818   37.280406
   551    0.065715   37.294750
   552    0.060965   37.220823
   553    0.056543   37.042332
   554    0.052430   36.773767
   555    0.048604   36.406714
   556    0.045045   35.962138
   557    0.041738   35.421930
   558    0.038663   34.803946
   559    0.035806   34.109548
   560    0.033153   33.339771
   561    0.030688   32.499037
   562    0.028400   31.597268
   563    0.026276   30.635525
   564    0.024305   29.627706
   565    0.022477   28.577665
   566    0.020781   27.490905
   567    0.019208   26.379056
   568    0.017751   25.251906
   569    0.016400   24.118581
   570    0.015148   22.988591
   571    0.013989   21.871364
   572    0.012915   20.773755
   573    0.011921   19.704169
   574    0.011001   18.670885
   575    0.010149   17.676659
   576    0.009361   16.733630
   577    0.008633   15.839016
   578    0.007959   15.002429
   579    0.007336   14.223918
   580    0.006760   13.515299
   581    0.006229   12.870908
   582    0.005737   12.294792
   583    0.005283   11.789001
   584    0.004864   11.355741
   585    0.004478   10.996113
   586    0.004121   10.713521
   587    0.003791   10.507483
   588    0.003487   10.381495
   589    0.003207   10.335829
   590    0.002949   10.374578
   591    0.002711   10.494977
   592    0.002491   10.702162
   593    0.002289   10.993307
   594    0.002103   11.373875
   595    0.001931   11.838406
   596    0.001773   12.393180
   597    0.001628   13.036463
   598    0.001494   13.774203
   599    0.001371   14.603250
   600    0.001258   15.537337
   601    0.001154   16.579025
   602    0.001058   17.732326
   603    0.000970   19.009383
   604    0.000889   20.428542
   605    0.000815   21.997558
   606    0.000747   23.722419
   607    0.000684   25.635262
   608    0.000627   27.736714
   609    0.000574   30.027978
   610    0.000525   32.529194
   611    0.000481   35.249173
   612    0.000440   38.191139
   613    0.000402   41.370700
   614    0.000368   44.812557
   615    0.000337   48.542433
   616    0.000308   52.624671
   617    0.000281   57.071000
   618    0.000257   61.947372
   619    0.000235   67.281145
   620    0.000215   73.147243
   621    0.000196   79.535649
   622    0.000179   86.523801
   623    0.000163   94.098123
   624    0.000149  102.331500
   625    0.000136  111.225152
   626    0.000124  120.834330
   627    0.000113  131.252863
   628    0.000103  142.456542
   629    0.000094  154.616098
   630    0.000086  167.783580
   631    0.000078  182.084464
   632    0.000071  197.486832
   633    0.000065  214.330896
   634    0.000059  232.501651
   635    0.000054  252.257173
   636    0.000049  273.886586
   637    0.000045  297.330970
   638    0.000041  322.962443
   639    0.000037  350.995962
   640    0.000034  381.728735
   641    0.000031  415.458264
   642    0.000028  452.515755
   643    0.000025  493.229121
   644    0.000023  537.857938
   645    0.000021  586.619181
   646    0.000019  639.667911
   647    0.000017  697.134074
   648    0.000016  759.202793
   649    0.000014  826.102915
#CDM-nucleon cross sections[pb]:
   201 7.791220E-11 #proton SI
   202 0.000000E+00 #proton SD
   203 7.316584E-11 #neutron SI
   204 0.000000E+00 #neutron SD
