BLOCK DarkMatter
   1   5.422511E-02   #dark matter relick densisty
   2   4.530084E-01   #ratio omega_N/omega_0
   100 0.238751 # ~N1 ~N1 -> h2 Z
   101 0.197369 # ~N1 ~N1 -> h2 h2
   102 0.183695 # ~N1 ~N1 -> Wm Wp
   103 0.120182 # ~N1 ~N1 -> nu4 nu4
   104 0.099359 # ~N1 ~N1 -> Z Z
   105 0.070855 # ~N1 ~N1 -> h1 Z
   106 0.038636 # ~N1 ~N1 -> u3 U3
   107 0.027408 # ~N1 ~N1 -> h1 h2
   301  1.636962E+02  #Dark Matter Mass (GeV)
   302  3.170716E-26  #SigmaV=[cm^3/s]
   401  163.696189    0.000203
   402  163.030062    0.000000
   403  161.819098    0.000000
   404  160.264314    0.000000
   405  158.442456    0.000000
   406  156.401019    0.000000
   407  154.174348    0.000000
   408  151.789418    0.000000
   409  149.268521    0.000001
   410  146.630708    0.000011
   411  143.892636    0.000012
   412  141.069116    0.000012
   413  138.173468    0.000013
   414  135.217779    0.000014
   415  132.213085    0.000015
   416  129.169506    0.000016
   417  126.096356    0.000017
   418  123.002221    0.000020
   419  119.895029    0.000022
   420  116.782103    0.000025
   421  113.670207    0.000029
   422  110.565588    0.000033
   423  107.474006    0.000037
   424  104.400769    0.000042
   425  101.350754    0.000048
   426   98.328436    0.000055
   427   95.337909    0.000064
   428   92.382905    0.000073
   429   89.466817    0.000085
   430   86.592711    0.000099
   431   83.763349    0.000115
   432   80.981204    0.000134
   433   78.248472    0.000157
   434   75.567090    0.000184
   435   72.938750    0.000216
   436   70.364911    0.000254
   437   67.846815    0.000298
   438   65.385494    0.000351
   439   62.981790    0.000413
   440   60.636361    0.000486
   441   58.349692    0.000573
   442   56.122111    0.000674
   443   53.953796    0.000792
   444   51.844783    0.000930
   445   49.794981    0.001092
   446   47.804177    0.001280
   447   45.872047    0.001500
   448   43.998165    0.001755
   449   42.182010    0.002053
   450   40.422975    0.002399
   451   38.720373    0.002800
   452   37.073446    0.003264
   453   35.481372    0.003801
   454   33.943268    0.004419
   455   32.458203    0.005132
   456   31.025197    0.005953
   457   29.643230    0.006896
   458   28.311248    0.007980
   459   27.028166    0.009214
   460   25.792875    0.010638
   461   24.604243    0.012268
   462   23.461124    0.014129
   463   22.362355    0.016254
   464   21.306769    0.018676
   465   20.293190    0.021434
   466   19.320440    0.024574
   467   18.387343    0.028140
   468   17.492724    0.032187
   469   16.635416    0.036768
   470   15.814257    0.041973
   471   15.028099    0.047836
   472   14.275803    0.054478
   473   13.556246    0.061957
   474   12.868318    0.070387
   475   12.210929    0.079886
   476   11.583004    0.090549
   477   10.983489    0.102534
   478   10.411352    0.115944
   479    9.865579    0.130962
   480    9.345179    0.147750
   481    8.849184    0.166472
   482    8.376649    0.187330
   483    7.926654    0.210533
   484    7.498299    0.236309
   485    7.090712    0.264966
   486    6.703043    0.296808
   487    6.334468    0.332069
   488    5.984185    0.371143
   489    5.651419    0.414309
   490    5.335418    0.461940
   491    5.035453    0.514483
   492    4.750821    0.572373
   493    4.480842    0.636184
   494    4.224857    0.706475
   495    3.982234    0.783748
   496    3.752360    0.868649
   497    3.534646    0.961755
   498    3.328525    1.063694
   499    3.133450    1.175020
   500    2.948898    1.296317
   501    2.774362    1.428093
   502    2.609358    1.571020
   503    2.453421    1.725630
   504    2.306104    1.892769
   505    2.166981    2.073404
   506    2.035639    2.268718
   507    1.911688    2.479890
   508    1.794751    2.707590
   509    1.684469    2.952786
   510    1.580498    3.215799
   511    1.482510    3.497160
   512    1.390192    3.797221
   513    1.303244    4.116312
   514    1.221382    4.454897
   515    1.144332    4.813343
   516    1.071836    5.192165
   517    1.003646    5.591140
   518    0.939528    6.010900
   519    0.879257    6.451414
   520    0.822621    6.913746
   521    0.769418    7.398196
   522    0.719454    7.905371
   523    0.672548    8.435739
   524    0.628526    8.989190
   525    0.587224    9.565330
   526    0.548485   10.163161
   527    0.512162   10.780768
   528    0.478113   11.416249
   529    0.446208   12.066694
   530    0.416318   12.729511
   531    0.388327   13.402174
   532    0.362120   14.081748
   533    0.337592   14.764005
   534    0.314641   15.445379
   535    0.293173   16.121496
   536    0.273097   16.788044
   537    0.254329   17.442426
   538    0.236789   18.081325
   539    0.220401   18.703123
   540    0.205094   19.306605
   541    0.190800   19.892444
   542    0.177457   20.456130
   543    0.165004   20.995636
   544    0.153386   21.509182
   545    0.142550   21.991029
   546    0.132445   22.440046
   547    0.123025   22.855845
   548    0.114246   23.237114
   549    0.106067   23.580690
   550    0.098449   23.885760
   551    0.091355   24.147950
   552    0.084751   24.361250
   553    0.078605   24.522574
   554    0.072886   24.627803
   555    0.067567   24.672898
   556    0.062621   24.660911
   557    0.058022   24.591861
   558    0.053748   24.460430
   559    0.049777   24.276039
   560    0.046088   24.032614
   561    0.042662   23.729947
   562    0.039481   23.377843
   563    0.036528   22.969654
   564    0.033788   22.513334
   565    0.031247   22.017564
   566    0.028889   21.480138
   567    0.026703   20.908272
   568    0.024677   20.304741
   569    0.022798   19.674649
   570    0.021058   19.022230
   571    0.019447   18.351086
   572    0.017954   17.666024
   573    0.016572   16.971360
   574    0.015293   16.272389
   575    0.014109   15.571557
   576    0.013014   14.874977
   577    0.012001   14.187950
   578    0.011064   13.512957
   579    0.010198   12.856368
   580    0.009398   12.218390
   581    0.008659   11.603749
   582    0.007976   11.013974
   583    0.007345   10.457718
   584    0.006762    9.933405
   585    0.006225    9.449095
   586    0.005728    9.005376
   587    0.005271    8.604318
   588    0.004848    8.247786
   589    0.004459    7.935756
   590    0.004100    7.669997
   591    0.003769    7.453053
   592    0.003463    7.286646
   593    0.003182    7.172692
   594    0.002923    7.113394
   595    0.002685    7.108267
   596    0.002465    7.158415
   597    0.002263    7.264752
   598    0.002077    7.428489
   599    0.001906    7.650862
   600    0.001749    7.935491
   601    0.001604    8.288387
   602    0.001471    8.711048
   603    0.001349    9.203255
   604    0.001236    9.767880
   605    0.001133   10.403807
   606    0.001038   11.110527
   607    0.000951   11.894078
   608    0.000871   12.761818
   609    0.000798   13.721258
   610    0.000730   14.784320
   611    0.000668   15.956290
   612    0.000611   17.240693
   613    0.000559   18.645548
   614    0.000512   20.187018
   615    0.000468   21.870362
   616    0.000428   23.707813
   617    0.000391   25.718536
   618    0.000357   27.909416
   619    0.000327   30.290949
   620    0.000298   32.877273
   621    0.000273   35.689820
   622    0.000249   38.736706
   623    0.000227   42.052366
   624    0.000207   45.640411
   625    0.000189   49.544497
   626    0.000173   53.777985
   627    0.000158   58.380209
   628    0.000144   63.384971
   629    0.000131   68.857609
   630    0.000119   74.838276
   631    0.000109   81.361296
   632    0.000099   88.459444
   633    0.000090   96.162877
   634    0.000082  104.573484
   635    0.000075  113.738677
   636    0.000068  123.723321
   637    0.000062  134.602356
   638    0.000057  146.454058
   639    0.000052  159.365079
   640    0.000047  173.436499
   641    0.000043  188.769114
   642    0.000039  205.458881
   643    0.000035  223.609225
   644    0.000032  243.302934
   645    0.000029  264.687075
   646    0.000026  287.891721
   647    0.000024  313.113873
   648    0.000022  340.502549
   649    0.000020  370.203268
#CDM-nucleon cross sections[pb]:
   201 7.447716E-10 #proton SI
   202 1.325673E-03 #proton SD
   203 5.885874E-10 #neutron SI
   204 1.013601E-03 #neutron SD
