BLOCK DarkMatter
   1   4.668922E-02   #dark matter relick densisty
   2   3.900520E-01   #ratio omega_N/omega_0
   100 0.494497 # ~nI1 ~nI1 -> Wm Wp
   101 0.218742 # ~nI1 ~nI1 -> Z Z
   102 0.143110 # ~nI1 ~nI1 -> h1 h2
   103 0.108473 # ~nI1 ~nI1 -> h2 h2
   104 0.031533 # ~nI1 ~nI1 -> h1 h1
   301  1.399390E+02  #Dark Matter Mass (GeV)
   302  5.761614E-26  #SigmaV=[cm^3/s]
   401  139.939011    0.000038
   402  139.369559    0.000000
   403  138.334342    0.000000
   404  137.005203    0.000000
   405  135.447750    0.000000
   406  133.702587    0.000000
   407  131.799072    0.000000
   408  129.760266    0.000000
   409  127.605226    0.000000
   410  125.350238    0.000001
   411  123.009542    0.000001
   412  120.595798    0.000002
   413  118.120394    0.000003
   414  115.593664    0.000005
   415  113.025040    0.000007
   416  110.423175    0.000009
   417  107.796031    0.000014
   418  105.150947    0.000059
   419  102.494700    0.000062
   420   99.833552    0.000072
   421   97.173284    0.000145
   422   94.519238    0.000149
   423   91.876336    0.000157
   424   89.249117    0.000167
   425   86.641750    0.000178
   426   84.058060    0.000192
   427   81.501547    0.000207
   428   78.975403    0.000224
   429   76.482525    0.000243
   430   74.025537    0.000267
   431   71.606800    0.000295
   432   69.228426    0.000328
   433   66.892295    0.000366
   434   64.600061    0.000411
   435   62.353171    0.000466
   436   60.152873    0.000530
   437   58.000227    0.000606
   438   55.896117    0.000695
   439   53.841262    0.000803
   440   51.836224    0.000934
   441   49.881419    0.001090
   442   47.977127    0.001274
   443   46.123498    0.001486
   444   44.320565    0.001721
   445   42.568250    0.002005
   446   40.866371    0.002260
   447   39.214651    0.002648
   448   37.612725    0.003067
   449   36.060148    0.003598
   450   34.556401    0.004228
   451   33.100897    0.004953
   452   31.692988    0.005769
   453   30.331971    0.006724
   454   29.017092    0.007836
   455   27.747554    0.009138
   456   26.522519    0.010648
   457   25.341117    0.012371
   458   24.202445    0.014319
   459   23.105577    0.016532
   460   22.049563    0.019072
   461   21.033437    0.022013
   462   20.056218    0.025412
   463   19.116913    0.029308
   464   18.214524    0.033758
   465   17.348045    0.038853
   466   16.516471    0.044701
   467   15.718793    0.051390
   468   14.954010    0.058987
   469   14.221123    0.067603
   470   13.519139    0.077346
   471   12.847076    0.088469
   472   12.203960    0.101130
   473   11.588832    0.115557
   474   11.000743    0.131816
   475   10.438760    0.150192
   476    9.901966    0.170980
   477    9.389459    0.194463
   478    8.900356    0.220983
   479    8.433790    0.250782
   480    7.988916    0.284259
   481    7.564904    0.321862
   482    7.160949    0.363906
   483    6.776261    0.410910
   484    6.410073    0.463363
   485    6.061639    0.521963
   486    5.730233    0.587230
   487    5.415148    0.659989
   488    5.115702    0.740785
   489    4.831230    0.830751
   490    4.561090    0.930621
   491    4.304659    1.041348
   492    4.061336    1.164100
   493    3.830538    1.299701
   494    3.611705    1.449552
   495    3.404293    1.614632
   496    3.207781    1.796156
   497    3.021664    1.995351
   498    2.845457    2.213553
   499    2.678694    2.452076
   500    2.520925    2.712190
   501    2.371719    2.995261
   502    2.230663    3.303194
   503    2.097357    3.637252
   504    1.971420    3.999032
   505    1.852487    4.390337
   506    1.740207    4.813440
   507    1.634245    5.270407
   508    1.534279    5.763512
   509    1.440002    6.295480
   510    1.351121    6.868813
   511    1.267354    7.485184
   512    1.188434    8.145900
   513    1.114105    8.851347
   514    1.044123    9.602387
   515    0.978256   10.399641
   516    0.916281   11.242508
   517    0.857987   12.131858
   518    0.803175   13.067511
   519    0.751651   14.049531
   520    0.703235   15.078703
   521    0.657753   16.153419
   522    0.615040   17.272719
   523    0.574942   18.434904
   524    0.537309   19.638131
   525    0.502000   20.878214
   526    0.468884   22.153162
   527    0.437832   23.458312
   528    0.408725   24.789952
   529    0.381450   26.142763
   530    0.355898   27.513272
   531    0.331969   28.895612
   532    0.309566   30.284158
   533    0.288597   31.675038
   534    0.268977   33.061938
   535    0.250625   34.437327
   536    0.233463   35.796985
   537    0.217419   37.132449
   538    0.202424   38.438024
   539    0.188414   39.706837
   540    0.175329   40.928498
   541    0.163110   42.097554
   542    0.151703   43.204930
   543    0.141057   44.246552
   544    0.131125   45.211865
   545    0.121861   46.096782
   546    0.113223   46.898785
   547    0.105170   47.602275
   548    0.097666   48.218807
   549    0.090674   48.736521
   550    0.084161   49.154820
   551    0.078097   49.463285
   552    0.072451   49.670818
   553    0.067197   49.764148
   554    0.062308   49.737637
   555    0.057761   49.586391
   556    0.053533   49.319979
   557    0.049602   48.927728
   558    0.045948   48.408182
   559    0.042553   47.760236
   560    0.039399   47.005537
   561    0.036470   46.128009
   562    0.033751   45.154534
   563    0.031227   44.066008
   564    0.028885   42.892595
   565    0.026712   41.643416
   566    0.024696   40.326470
   567    0.022828   38.955157
   568    0.021095   37.538997
   569    0.019490   36.091351
   570    0.018002   34.621890
   571    0.016624   33.143165
   572    0.015348   31.659427
   573    0.014167   30.183944
   574    0.013073   28.724975
   575    0.012061   27.289598
   576    0.011125   25.880268
   577    0.010259   24.515493
   578    0.009459   23.188464
   579    0.008718   21.912063
   580    0.008034   20.690769
   581    0.007402   19.526920
   582    0.006818   18.430943
   583    0.006279   17.409344
   584    0.005781   16.466142
   585    0.005321   15.608263
   586    0.004897   14.842012
   587    0.004506   14.167967
   588    0.004145   13.590401
   589    0.003812   13.110050
   590    0.003505   12.724623
   591    0.003222   12.436303
   592    0.002961   12.240584
   593    0.002720   12.138559
   594    0.002499   12.132534
   595    0.002295   12.223157
   596    0.002108   12.409695
   597    0.001935   12.701703
   598    0.001776   13.094726
   599    0.001630   13.600451
   600    0.001495   14.213976
   601    0.001371   14.939313
   602    0.001258   15.780666
   603    0.001153   16.742644
   604    0.001057   17.830021
   605    0.000969   19.043384
   606    0.000887   20.398840
   607    0.000813   21.897358
   608    0.000745   23.551738
   609    0.000682   25.377987
   610    0.000624   27.383114
   611    0.000571   29.596738
   612    0.000523   32.032374
   613    0.000478   34.713552
   614    0.000437   37.653549
   615    0.000400   40.872486
   616    0.000366   44.403883
   617    0.000334   48.238997
   618    0.000306   52.423921
   619    0.000279   56.943253
   620    0.000255   61.828949
   621    0.000233   67.120664
   622    0.000213   72.806327
   623    0.000194   78.960370
   624    0.000177   85.607497
   625    0.000162   92.800416
   626    0.000148  100.603696
   627    0.000135  109.125564
   628    0.000123  118.379579
   629    0.000112  128.526604
   630    0.000102  139.664715
   631    0.000093  151.791374
   632    0.000085  165.028236
   633    0.000077  179.457811
   634    0.000070  195.162729
   635    0.000064  212.229063
   636    0.000058  230.674315
   637    0.000053  250.768330
   638    0.000048  272.484982
   639    0.000044  296.172198
   640    0.000040  321.799603
   641    0.000036  349.735238
   642    0.000033  380.162843
   643    0.000030  413.290517
   644    0.000027  449.338218
   645    0.000025  488.515904
   646    0.000023  531.067125
   647    0.000021  577.210288
   648    0.000019  627.243263
   649    0.000017  681.434092
#CDM-nucleon cross sections[pb]:
   201 6.638329E-09 #proton SI
   202 0.000000E+00 #proton SD
   203 7.058308E-09 #neutron SI
   204 0.000000E+00 #neutron SD
