BLOCK DarkMatter
   1   3.667742E-06   #dark matter relick densisty
   2   3.064112E-05   #ratio omega_N/omega_0
   100 0.559697 # ~nR1 ~nR1 -> nu4 nu4
   101 0.343486 # ~nR1 ~nR1 -> d3 D3
   102 0.059798 # ~nR1 ~nR1 -> e3 E3
   103 0.028207 # ~nR1 ~nR1 -> g g
   301  5.676252E+01  #Dark Matter Mass (GeV)
   302  4.858819E-24  #SigmaV=[cm^3/s]
   401   56.762521    0.009822
   402   56.531538    0.000003
   403   56.111630    0.000006
   404   55.572500    0.000008
   405   54.940761    0.000010
   406   54.232882    0.000012
   407   53.460772    0.000014
   408   52.633785    0.000016
   409   51.759651    0.000018
   410   50.844975    0.000020
   411   49.895534    0.000023
   412   48.916463    0.000027
   413   47.912382    0.000031
   414   46.887481    0.000037
   415   45.845588    0.000043
   416   44.790211    0.000050
   417   43.724580    0.000059
   418   42.651672    0.000070
   419   41.574237    0.000081
   420   40.494813    0.000095
   421   39.415747    0.000111
   422   38.339203    0.000129
   423   37.267181    0.000150
   424   36.201520    0.000175
   425   35.143911    0.000205
   426   34.095906    0.000239
   427   33.058925    0.000278
   428   32.034262    0.000323
   429   31.023093    0.000373
   430   30.026481    0.000431
   431   29.045385    0.000498
   432   28.080662    0.000575
   433   27.133072    0.000663
   434   26.203289    0.000765
   435   25.291898    0.000881
   436   24.399406    0.001014
   437   23.526243    0.001167
   438   22.672767    0.001342
   439   21.839270    0.001540
   440   21.025979    0.001764
   441   20.233065    0.002018
   442   19.460640    0.002307
   443   18.708765    0.002642
   444   17.977453    0.003031
   445   17.266673    0.003482
   446   16.576352    0.004002
   447   15.906375    0.004597
   448   15.256597    0.005275
   449   14.626836    0.006046
   450   14.016881    0.006927
   451   13.426495    0.007944
   452   12.855414    0.009122
   453   12.303354    0.010488
   454   11.770008    0.012071
   455   11.255054    0.013892
   456   10.758151    0.015977
   457   10.278947    0.018364
   458    9.817075    0.021102
   459    9.372160    0.024260
   460    8.943816    0.027903
   461    8.531652    0.032113
   462    8.135269    0.036956
   463    7.754265    0.042499
   464    7.388235    0.048808
   465    7.036771    0.055946
   466    6.699465    0.064044
   467    6.375909    0.073208
   468    6.065695    0.083607
   469    5.768419    0.095367
   470    5.483678    0.108738
   471    5.211073    0.123892
   472    4.950210    0.140977
   473    4.700700    0.160218
   474    4.462158    0.181774
   475    4.234204    0.205814
   476    4.016468    0.232593
   477    3.808583    0.262451
   478    3.610191    0.295535
   479    3.420942    0.332412
   480    3.240490    0.373239
   481    3.068501    0.418394
   482    2.904648    0.468294
   483    2.748609    0.523175
   484    2.600075    0.583647
   485    2.458742    0.650011
   486    2.324316    0.722543
   487    2.196510    0.801731
   488    2.075048    0.887991
   489    1.959660    0.981796
   490    1.850084    1.083952
   491    1.746070    1.194786
   492    1.647372    1.314818
   493    1.553756    1.444574
   494    1.464992    1.584098
   495    1.380861    1.733952
   496    1.301151    1.894238
   497    1.225657    2.064945
   498    1.154184    2.246678
   499    1.086541    2.440367
   500    1.022546    2.649339
   501    0.962025    2.877238
   502    0.904809    3.129138
   503    0.850737    3.407953
   504    0.799654    3.713742
   505    0.751412    4.043027
   506    0.705869    4.389963
   507    0.662888    4.747938
   508    0.622339    5.111438
   509    0.584098    5.477713
   510    0.548046    5.846087
   511    0.514068    6.217247
   512    0.482056    6.592566
   513    0.451907    6.972949
   514    0.423521    7.358750
   515    0.396803    7.751404
   516    0.371665    8.150504
   517    0.348020    8.555384
   518    0.325786    8.966298
   519    0.304887    9.379927
   520    0.285248    9.793781
   521    0.266800   10.206682
   522    0.249475   10.615310
   523    0.233210   11.020996
   524    0.217945   11.422637
   525    0.203623   11.819456
   526    0.190190   12.209630
   527    0.177595   12.588757
   528    0.165788   12.953401
   529    0.154725   13.299821
   530    0.144361   13.626455
   531    0.134654   13.933301
   532    0.125567   14.219703
   533    0.117062   14.484889
   534    0.109103   14.722928
   535    0.101659   14.933212
   536    0.094698   15.112421
   537    0.088190   15.261916
   538    0.082108   15.378535
   539    0.076425   15.458640
   540    0.071117   15.503128
   541    0.066161   15.509347
   542    0.061534   15.473032
   543    0.057216   15.405256
   544    0.053187   15.296279
   545    0.049430   15.158439
   546    0.045926   14.985223
   547    0.042660   14.782155
   548    0.039616   14.536025
   549    0.036779   14.260584
   550    0.034138   13.943158
   551    0.031678   13.586142
   552    0.029388   13.207066
   553    0.027257   12.806197
   554    0.025274   12.391836
   555    0.023429   11.969914
   556    0.021714   11.539993
   557    0.020120   11.091951
   558    0.018638   10.631312
   559    0.017260   10.160929
   560    0.015981    9.689654
   561    0.014793    9.225829
   562    0.013690    8.769667
   563    0.012666    8.319373
   564    0.011716    7.871552
   565    0.010835    7.420817
   566    0.010017    6.975619
   567    0.009259    6.539824
   568    0.008557    6.123634
   569    0.007905    5.734615
   570    0.007302    5.370806
   571    0.006743    5.025812
   572    0.006226    4.693296
   573    0.005746    4.368017
   574    0.005303    4.052926
   575    0.004892    3.751686
   576    0.004513    3.469151
   577    0.004161    3.203759
   578    0.003837    2.951965
   579    0.003536    2.715008
   580    0.003259    2.499399
   581    0.003002    2.316206
   582    0.002766    2.172819
   583    0.002547    2.069859
   584    0.002345    2.000174
   585    0.002158    1.953636
   586    0.001986    1.922449
   587    0.001828    1.901383
   588    0.001681    1.891317
   589    0.001546    1.894306
   590    0.001422    1.913119
   591    0.001307    1.950328
   592    0.001201    2.008679
   593    0.001103    2.089391
   594    0.001014    2.191951
   595    0.000931    2.314853
   596    0.000855    2.454939
   597    0.000785    2.609369
   598    0.000720    2.779065
   599    0.000661    2.964870
   600    0.000606    3.167755
   601    0.000556    3.390038
   602    0.000510    3.632301
   603    0.000468    3.895159
   604    0.000429    4.179156
   605    0.000393    4.486339
   606    0.000360    4.818370
   607    0.000330    5.175491
   608    0.000302    5.560937
   609    0.000277    5.973339
   610    0.000253    6.416197
   611    0.000232    6.889423
   612    0.000212    7.399006
   613    0.000194    7.944201
   614    0.000177    8.532359
   615    0.000162    9.161371
   616    0.000148    9.831749
   617    0.000136   10.549750
   618    0.000124   11.317747
   619    0.000113   12.140544
   620    0.000103   13.016361
   621    0.000095   13.953486
   622    0.000086   14.954087
   623    0.000079   16.016688
   624    0.000072   17.157259
   625    0.000066   18.366792
   626    0.000060   19.662072
   627    0.000055   21.041214
   628    0.000050   22.510229
   629    0.000045   24.079203
   630    0.000041   25.744002
   631    0.000038   27.513486
   632    0.000034   29.384100
   633    0.000031   31.367704
   634    0.000029   33.477500
   635    0.000026   35.707125
   636    0.000024   38.037403
   637    0.000022   40.514028
   638    0.000020   43.118297
   639    0.000018   45.851313
   640    0.000016   48.718945
   641    0.000015   51.714965
   642    0.000013   54.876316
   643    0.000012   58.130394
   644    0.000011   61.556974
   645    0.000010   65.057493
   646    0.000009   68.724150
   647    0.000008   72.485678
   648    0.000008   76.295792
   649    0.000007   80.178739
#CDM-nucleon cross sections[pb]:
   201 5.193012E-09 #proton SI
   202 0.000000E+00 #proton SD
   203 5.672498E-09 #neutron SI
   204 0.000000E+00 #neutron SD
