BLOCK DarkMatter
   1   3.860953E-01   #dark matter relick densisty
   2   3.225524E+00   #ratio omega_N/omega_0
   100 0.253409 # ~N1 ~N1 -> h2 h2
   101 0.247385 # ~N1 ~N1 -> h2 Z
   102 0.179705 # ~N1 ~N1 -> Wm Wp
   103 0.095034 # ~N1 ~N1 -> Z Z
   104 0.075919 # ~N1 ~N1 -> u3 U3
   105 0.062758 # ~N1 ~N1 -> h1 Z
   106 0.034949 # ~N1 ~N1 -> h1 h2
   301  1.609768E+02  #Dark Matter Mass (GeV)
   302  2.009927E-28  #SigmaV=[cm^3/s]
   401  160.976798    0.000051
   402  160.321737    0.000000
   403  159.130890    0.000000
   404  157.601935    0.000000
   405  155.810342    0.000000
   406  153.802819    0.000000
   407  151.613138    0.000000
   408  149.267827    0.000000
   409  146.788809    0.000001
   410  144.194816    0.000001
   411  141.502230    0.000001
   412  138.725615    0.000002
   413  135.878071    0.000002
   414  132.971483    0.000077
   415  130.016704    0.000093
   416  127.023687    0.000100
   417  124.001590    0.000102
   418  120.958856    0.000104
   419  117.903282    0.000108
   420  114.842068    0.000111
   421  111.781869    0.000115
   422  108.728825    0.000120
   423  105.688602    0.000125
   424  102.666419    0.000131
   425   99.667072    0.000139
   426   96.694962    0.000147
   427   93.754115    0.000158
   428   90.848201    0.000170
   429   87.980556    0.000184
   430   85.154195    0.000202
   431   82.371837    0.000222
   432   79.635909    0.000247
   433   76.948575    0.000276
   434   74.311737    0.000310
   435   71.727060    0.000350
   436   69.195979    0.000399
   437   66.719714    0.000455
   438   64.299283    0.000522
   439   61.935510    0.000602
   440   59.629043    0.000695
   441   57.380362    0.000804
   442   55.189787    0.000933
   443   53.057492    0.001083
   444   50.983515    0.001259
   445   48.967765    0.001465
   446   47.010033    0.001705
   447   45.110001    0.001984
   448   43.267249    0.002310
   449   41.481265    0.002689
   450   39.751452    0.003131
   451   38.077134    0.003645
   452   36.457566    0.004241
   453   34.891940    0.004917
   454   33.379388    0.005644
   455   31.918993    0.006652
   456   30.509793    0.007708
   457   29.150784    0.008886
   458   27.840929    0.010300
   459   26.579163    0.011964
   460   25.364393    0.013865
   461   24.195507    0.016041
   462   23.071377    0.018561
   463   21.990862    0.021460
   464   20.952812    0.024792
   465   19.956071    0.028616
   466   18.999481    0.033009
   467   18.081885    0.038046
   468   17.202128    0.043816
   469   16.359061    0.050413
   470   15.551544    0.057976
   471   14.778446    0.066587
   472   14.038648    0.076424
   473   13.331044    0.087604
   474   12.654544    0.100334
   475   12.008075    0.114818
   476   11.390582    0.131231
   477   10.801027    0.149862
   478   10.238394    0.170926
   479    9.701687    0.194752
   480    9.189932    0.221628
   481    8.702177    0.251878
   482    8.237493    0.285891
   483    7.794973    0.324068
   484    7.373734    0.366870
   485    6.972918    0.414835
   486    6.591689    0.468531
   487    6.229237    0.528483
   488    5.884773    0.595398
   489    5.557535    0.669876
   490    5.246784    0.752653
   491    4.951802    0.844572
   492    4.671899    0.946464
   493    4.406404    1.059357
   494    4.154672    1.184217
   495    3.916079    1.322084
   496    3.690024    1.474080
   497    3.475927    1.641291
   498    3.273230    1.824923
   499    3.081396    2.026002
   500    2.899909    2.245825
   501    2.728273    2.485503
   502    2.566010    2.746345
   503    2.412664    3.029623
   504    2.267794    3.337166
   505    2.130982    3.670980
   506    2.001822    4.033606
   507    1.879930    4.427637
   508    1.764936    4.855337
   509    1.656486    5.318961
   510    1.554242    5.819773
   511    1.457882    6.358731
   512    1.367098    6.936527
   513    1.281594    7.553559
   514    1.201092    8.210176
   515    1.125322    8.906617
   516    1.054030    9.643670
   517    0.986973   10.420920
   518    0.923920   11.239469
   519    0.864651   12.098671
   520    0.808956   13.000516
   521    0.756636   13.944283
   522    0.707503   14.930318
   523    0.661376   15.958376
   524    0.618085   17.027472
   525    0.577469   18.136285
   526    0.539373   19.282768
   527    0.503653   20.463807
   528    0.470171   21.676564
   529    0.438795   22.915952
   530    0.409402   24.177367
   531    0.381876   25.455749
   532    0.356104   26.745956
   533    0.331983   28.041664
   534    0.309414   29.336649
   535    0.288302   30.626226
   536    0.268560   31.904938
   537    0.250104   33.167059
   538    0.232856   34.408434
   539    0.216740   35.624070
   540    0.201687   36.808322
   541    0.187631   37.957668
   542    0.174509   39.064400
   543    0.162263   40.121278
   544    0.150838   41.124523
   545    0.140181   42.063149
   546    0.130245   42.935487
   547    0.120981   43.735785
   548    0.112348   44.460707
   549    0.104305   45.105546
   550    0.096814   45.666373
   551    0.089837   46.134923
   552    0.083343   46.509872
   553    0.077299   46.780052
   554    0.071676   46.942137
   555    0.066445   46.993609
   556    0.061581   46.932442
   557    0.057058   46.758272
   558    0.052855   46.468007
   559    0.048950   46.070920
   560    0.045322   45.562239
   561    0.041953   44.941753
   562    0.038825   44.224188
   563    0.035921   43.398883
   564    0.033227   42.490116
   565    0.030727   41.496276
   566    0.028409   40.421726
   567    0.026259   39.278206
   568    0.024267   38.075163
   569    0.022420   36.821259
   570    0.020709   35.528085
   571    0.019123   34.195347
   572    0.017656   32.835049
   573    0.016297   31.455223
   574    0.015039   30.072967
   575    0.013875   28.687898
   576    0.012798   27.315971
   577    0.011802   25.965691
   578    0.010881   24.635797
   579    0.010029   23.337640
   580    0.009242   22.071639
   581    0.008515   20.850692
   582    0.007843   19.671387
   583    0.007223   18.549691
   584    0.006650   17.480222
   585    0.006121   16.478403
   586    0.005633   15.541873
   587    0.005183   14.683403
   588    0.004768   13.901012
   589    0.004385   13.195959
   590    0.004031   12.569205
   591    0.003706   12.022584
   592    0.003406   11.557447
   593    0.003129   11.174927
   594    0.002875   10.876019
   595    0.002640   10.661946
   596    0.002424   10.534192
   597    0.002226   10.494218
   598    0.002043   10.543354
   599    0.001875   10.682772
   600    0.001720   10.916692
   601    0.001578   11.249105
   602    0.001447   11.682563
   603    0.001326   12.214740
   604    0.001216   12.847726
   605    0.001114   13.579527
   606    0.001021   14.408953
   607    0.000935   15.341707
   608    0.000856   16.386012
   609    0.000784   17.547773
   610    0.000718   18.843271
   611    0.000657   20.277060
   612    0.000601   21.853916
   613    0.000550   23.580038
   614    0.000503   25.477975
   615    0.000460   27.550632
   616    0.000421   29.813123
   617    0.000385   32.287799
   618    0.000352   34.982921
   619    0.000321   37.909720
   620    0.000293   41.086652
   621    0.000268   44.536590
   622    0.000245   48.264822
   623    0.000223   52.311770
   624    0.000204   56.682618
   625    0.000186   61.431514
   626    0.000170   66.581731
   627    0.000155   72.175865
   628    0.000141   78.254265
   629    0.000129   84.891423
   630    0.000117   92.123474
   631    0.000107   99.996206
   632    0.000098  108.532909
   633    0.000089  117.767584
   634    0.000081  127.825246
   635    0.000074  138.743048
   636    0.000067  150.613330
   637    0.000061  163.501180
   638    0.000056  177.513870
   639    0.000051  192.735499
   640    0.000046  209.296092
   641    0.000042  227.309344
   642    0.000038  246.887098
   643    0.000035  268.149330
   644    0.000032  291.190880
   645    0.000029  316.182921
   646    0.000026  343.257958
   647    0.000024  372.653946
   648    0.000021  404.539524
   649    0.000020  439.112643
#CDM-nucleon cross sections[pb]:
   201 1.894034E-12 #proton SI
   202 0.000000E+00 #proton SD
   203 1.869126E-12 #neutron SI
   204 0.000000E+00 #neutron SD
