BLOCK DarkMatter
   1   6.799288E-02   #dark matter relick densisty
   2   5.680274E-01   #ratio omega_N/omega_0
   100 0.604301 # ~nI1 ~nI1 -> Wm Wp
   101 0.205082 # ~nI1 ~nI1 -> Z Z
   102 0.187489 # ~nI1 ~nI1 -> nu4 nu4
   301  9.671230E+01  #Dark Matter Mass (GeV)
   302  3.917965E-26  #SigmaV=[cm^3/s]
   401   96.712296    0.000587
   402   96.318746    0.000000
   403   95.603304    0.000000
   404   94.684732    0.000000
   405   93.608371    0.000000
   406   92.402283    0.000000
   407   91.086758    0.000000
   408   89.677733    0.000000
   409   88.188378    0.000000
   410   86.629948    0.000000
   411   85.012286    0.000000
   412   83.344140    0.000000
   413   81.633381    0.000000
   414   79.887149    0.000000
   415   78.111965    0.000001
   416   76.313808    0.000002
   417   74.498180    0.000003
   418   72.670154    0.000004
   419   70.834413    0.000007
   420   68.995285    0.000010
   421   67.156766    0.000014
   422   65.322546    0.000019
   423   63.496029    0.000025
   424   61.680349    0.000033
   425   59.878389    0.000042
   426   58.092793    0.000053
   427   56.325979    0.000067
   428   54.580152    0.000083
   429   52.857316    0.000102
   430   51.159284    0.000122
   431   49.487687    0.000143
   432   47.843986    0.000165
   433   46.229478    0.000189
   434   44.645308    0.000220
   435   43.092475    0.000262
   436   41.571842    0.000317
   437   40.084142    0.000393
   438   38.629985    0.000492
   439   37.209868    0.000615
   440   35.824179    0.000759
   441   34.473207    0.000924
   442   33.157145    0.001116
   443   31.876096    0.001342
   444   30.630084    0.001610
   445   29.419053    0.001924
   446   28.242879    0.002306
   447   27.101370    0.002746
   448   25.994274    0.003265
   449   24.921283    0.003875
   450   23.882039    0.004587
   451   22.876135    0.005411
   452   21.903125    0.006363
   453   20.962522    0.007474
   454   20.053805    0.008781
   455   19.176423    0.010323
   456   18.329797    0.012127
   457   17.513327    0.014201
   458   16.726387    0.016570
   459   15.968338    0.019281
   460   15.238523    0.022405
   461   14.536275    0.025994
   462   13.860916    0.030089
   463   13.211760    0.034746
   464   12.588116    0.040062
   465   11.989289    0.046179
   466   11.414585    0.053220
   467   10.863308    0.061261
   468   10.334764    0.070350
   469    9.828263    0.080619
   470    9.343120    0.092250
   471    8.878655    0.105520
   472    8.434196    0.120615
   473    8.009079    0.137671
   474    7.602649    0.156804
   475    7.214260    0.178261
   476    6.843280    0.202264
   477    6.489085    0.229221
   478    6.151064    0.259239
   479    5.828619    0.292773
   480    5.521165    0.330174
   481    5.228130    0.371780
   482    4.948955    0.418022
   483    4.683095    0.469558
   484    4.430022    0.526711
   485    4.189218    0.590242
   486    3.960182    0.660636
   487    3.742426    0.738694
   488    3.535478    0.824949
   489    3.338879    0.920297
   490    3.152184    1.025427
   491    2.974964    1.141163
   492    2.806802    1.268698
   493    2.647297    1.408727
   494    2.496061    1.562270
   495    2.352718    1.730158
   496    2.216907    1.913456
   497    2.088281    2.113399
   498    1.966504    2.330545
   499    1.851254    2.566470
   500    1.742219    2.822144
   501    1.639103    3.099213
   502    1.541618    3.399244
   503    1.449490    3.724087
   504    1.362455    4.075622
   505    1.280260    4.454814
   506    1.202663    4.863648
   507    1.129432    5.303606
   508    1.060345    5.774749
   509    0.995190    6.278748
   510    0.933764    6.815796
   511    0.875872    7.386489
   512    0.821331    7.991396
   513    0.769962    8.632233
   514    0.721597    9.309412
   515    0.676076   10.025172
   516    0.633245   10.780815
   517    0.592958   11.576764
   518    0.555077   12.414115
   519    0.519468   13.291998
   520    0.486008   14.210160
   521    0.454575   15.166404
   522    0.425056   16.156177
   523    0.397344   17.177635
   524    0.371336   18.225084
   525    0.346934   19.294358
   526    0.324047   20.380424
   527    0.302587   21.480113
   528    0.282471   22.588128
   529    0.263621   23.700529
   530    0.245962   24.816005
   531    0.229425   25.925859
   532    0.213942   27.027674
   533    0.199450   28.115228
   534    0.185891   29.182291
   535    0.173207   30.216256
   536    0.161347   31.212727
   537    0.150259   32.154967
   538    0.139896   33.039569
   539    0.130214   33.858402
   540    0.121170   34.607700
   541    0.112726   35.282976
   542    0.104842   35.884242
   543    0.097485   36.413399
   544    0.090621   36.864634
   545    0.084219   37.248672
   546    0.078249   37.547648
   547    0.072684   37.751330
   548    0.067497   37.853220
   549    0.062665   37.836336
   550    0.058164   37.692237
   551    0.053973   37.411728
   552    0.050071   36.995296
   553    0.046440   36.451983
   554    0.043062   35.790065
   555    0.039919   35.045468
   556    0.036997   34.215323
   557    0.034280   33.333188
   558    0.031755   32.427486
   559    0.029408   31.482999
   560    0.027229   30.516079
   561    0.025205   29.528781
   562    0.023325   28.504528
   563    0.021581   27.446301
   564    0.019962   26.353818
   565    0.018461   25.226744
   566    0.017068   24.072435
   567    0.015776   22.903707
   568    0.014579   21.726730
   569    0.013469   20.560719
   570    0.012441   19.419069
   571    0.011489   18.308016
   572    0.010607   17.242920
   573    0.009791   16.231162
   574    0.009035   15.285066
   575    0.008336   14.403180
   576    0.007689   13.601505
   577    0.007090   12.867899
   578    0.006537   12.213537
   579    0.006025   11.628413
   580    0.005552   11.109302
   581    0.005116   10.649563
   582    0.004712   10.244312
   583    0.004339    9.888543
   584    0.003995    9.579758
   585    0.003678    9.323120
   586    0.003384    9.122682
   587    0.003114    8.991850
   588    0.002864    8.941705
   589    0.002634    8.985177
   590    0.002422    9.129895
   591    0.002226    9.383111
   592    0.002046    9.741635
   593    0.001880   10.196500
   594    0.001727   10.739857
   595    0.001586   11.358374
   596    0.001457   12.036652
   597    0.001337   12.765518
   598    0.001227   13.548056
   599    0.001126   14.384050
   600    0.001033   15.290920
   601    0.000948   16.287027
   602    0.000869   17.390926
   603    0.000797   18.639492
   604    0.000730   20.055045
   605    0.000669   21.662915
   606    0.000613   23.469259
   607    0.000562   25.494950
   608    0.000515   27.744999
   609    0.000471   30.205331
   610    0.000431   32.884885
   611    0.000395   35.786502
   612    0.000361   38.906714
   613    0.000331   42.281651
   614    0.000302   45.929828
   615    0.000276   49.900744
   616    0.000253   54.245310
   617    0.000231   59.024454
   618    0.000211   64.268547
   619    0.000193   69.995986
   620    0.000176   76.277523
   621    0.000161   83.049927
   622    0.000147   90.386719
   623    0.000134   98.270696
   624    0.000123  106.698419
   625    0.000112  115.665561
   626    0.000102  125.235881
   627    0.000093  135.355497
   628    0.000085  146.194488
   629    0.000077  157.671821
   630    0.000071  170.006916
   631    0.000064  183.433915
   632    0.000059  198.126336
   633    0.000053  214.343049
   634    0.000049  232.380336
   635    0.000044  252.425411
   636    0.000040  274.489053
   637    0.000037  298.739513
   638    0.000033  324.868216
   639    0.000030  352.673310
   640    0.000028  382.065297
   641    0.000025  412.967095
   642    0.000023  445.670358
   643    0.000021  480.790530
   644    0.000019  519.267101
   645    0.000017  562.427375
   646    0.000016  611.805571
   647    0.000014  668.958605
   648    0.000013  735.330932
   649    0.000012  812.056824
#CDM-nucleon cross sections[pb]:
   201 3.304474E-10 #proton SI
   202 0.000000E+00 #proton SD
   203 4.136979E-10 #neutron SI
   204 0.000000E+00 #neutron SD
