BLOCK DarkMatter
   1   1.958109E-02   #dark matter relick densisty
   2   1.635847E-01   #ratio omega_N/omega_0
   100 0.774409 # ~nI1 ~nI1 -> nu4 nu4
   101 0.181653 # ~nI1 ~nI1 -> d3 D3
   102 0.031657 # ~nI1 ~nI1 -> e3 E3
   301  4.843364E+01  #Dark Matter Mass (GeV)
   302  5.896161E-26  #SigmaV=[cm^3/s]
   401   48.433638    0.000254
   402   48.236547    0.000001
   403   47.878253    0.000002
   404   47.418231    0.000003
   405   46.879189    0.000004
   406   46.275178    0.000005
   407   45.616361    0.000006
   408   44.910720    0.000006
   409   44.164849    0.000007
   410   43.384386    0.000008
   411   42.574258    0.000010
   412   41.738849    0.000011
   413   40.882098    0.000013
   414   40.007583    0.000016
   415   39.118569    0.000018
   416   38.218050    0.000022
   417   37.308781    0.000026
   418   36.393303    0.000030
   419   35.473962    0.000036
   420   34.552924    0.000042
   421   33.632192    0.000049
   422   32.713612    0.000057
   423   31.798890    0.000066
   424   30.889595    0.000077
   425   29.987172    0.000091
   426   29.092943    0.000106
   427   28.208120    0.000123
   428   27.333808    0.000143
   429   26.471010    0.000165
   430   25.620633    0.000190
   431   24.783495    0.000220
   432   23.960327    0.000253
   433   23.151780    0.000292
   434   22.358426    0.000337
   435   21.580765    0.000388
   436   20.819230    0.000446
   437   20.074188    0.000514
   438   19.345944    0.000590
   439   18.634748    0.000677
   440   17.940794    0.000774
   441   17.264225    0.000884
   442   16.605139    0.001008
   443   15.963589    0.001152
   444   15.339584    0.001319
   445   14.733098    0.001514
   446   14.144069    0.001738
   447   13.572400    0.001993
   448   13.017965    0.002283
   449   12.480610    0.002612
   450   11.960155    0.002986
   451   11.456397    0.003418
   452   10.969112    0.003917
   453   10.498057    0.004497
   454   10.042970    0.005170
   455    9.603576    0.005943
   456    9.179585    0.006828
   457    8.770696    0.007840
   458    8.376595    0.008998
   459    7.996963    0.010333
   460    7.631471    0.011876
   461    7.279785    0.013659
   462    6.941564    0.015713
   463    6.616466    0.018063
   464    6.304144    0.020735
   465    6.004251    0.023754
   466    5.716439    0.027171
   467    5.440358    0.031036
   468    5.175663    0.035417
   469    4.922006    0.040369
   470    4.679046    0.046000
   471    4.446441    0.052382
   472    4.223856    0.059574
   473    4.010957    0.067667
   474    3.807416    0.076722
   475    3.612911    0.086815
   476    3.427123    0.098046
   477    3.249742    0.110560
   478    3.080461    0.124416
   479    2.918980    0.139862
   480    2.765006    0.156937
   481    2.618254    0.175809
   482    2.478443    0.196650
   483    2.345300    0.219557
   484    2.218561    0.244822
   485    2.097966    0.272553
   486    1.983264    0.302874
   487    1.874212    0.335950
   488    1.770572    0.371947
   489    1.672115    0.411061
   490    1.578618    0.453602
   491    1.489866    0.499720
   492    1.405650    0.549613
   493    1.325770    0.603489
   494    1.250030    0.661305
   495    1.178244    0.723289
   496    1.110230    0.789398
   497    1.045814    0.859617
   498    0.984828    0.934139
   499    0.927110    1.013303
   500    0.872506    1.098608
   501    0.820865    1.191595
   502    0.772044    1.294487
   503    0.725906    1.408504
   504    0.682319    1.533530
   505    0.641156    1.667815
   506    0.602295    1.808607
   507    0.565621    1.952797
   508    0.531022    2.097831
   509    0.498392    2.242446
   510    0.467630    2.386350
   511    0.438638    2.529860
   512    0.411323    2.673641
   513    0.385598    2.818098
   514    0.361377    2.963152
   515    0.338579    3.109739
   516    0.317130    3.257351
   517    0.296954    3.405851
   518    0.277983    3.555590
   519    0.260150    3.704923
   520    0.243393    3.852771
   521    0.227652    3.998806
   522    0.212869    4.141609
   523    0.198990    4.281742
   524    0.185965    4.419044
   525    0.173745    4.553442
   526    0.162283    4.684405
   527    0.151536    4.810034
   528    0.141462    4.928578
   529    0.132022    5.038204
   530    0.123178    5.138481
   531    0.114896    5.229193
   532    0.107142    5.310468
   533    0.099885    5.382780
   534    0.093094    5.443683
   535    0.086743    5.493579
   536    0.080803    5.531143
   537    0.075250    5.557566
   538    0.070060    5.571266
   539    0.065211    5.571228
   540    0.060682    5.557684
   541    0.056453    5.529636
   542    0.052505    5.485980
   543    0.048821    5.432379
   544    0.045383    5.364502
   545    0.042177    5.289522
   546    0.039187    5.203437
   547    0.036400    5.109741
   548    0.033803    5.000523
   549    0.031383    4.882501
   550    0.029129    4.750053
   551    0.027030    4.603742
   552    0.025076    4.451408
   553    0.023257    4.293718
   554    0.021565    4.134554
   555    0.019991    3.975326
   556    0.018528    3.814549
   557    0.017167    3.650616
   558    0.015903    3.481543
   559    0.014728    3.310556
   560    0.013636    3.140788
   561    0.012623    2.975473
   562    0.011681    2.814819
   563    0.010808    2.657573
   564    0.009997    2.502539
   565    0.009245    2.347319
   566    0.008548    2.195591
   567    0.007901    2.048869
   568    0.007301    1.911615
   569    0.006746    1.786245
   570    0.006231    1.671243
   571    0.005754    1.562315
   572    0.005312    1.455957
   573    0.004903    1.350474
   574    0.004525    1.247582
   575    0.004174    1.149704
   576    0.003850    1.058153
   577    0.003551    0.973042
   578    0.003274    0.892233
   579    0.003017    0.816073
   580    0.002781    0.747763
   581    0.002562    0.692689
   582    0.002360    0.654600
   583    0.002173    0.633697
   584    0.002001    0.626761
   585    0.001842    0.628801
   586    0.001695    0.636375
   587    0.001559    0.647615
   588    0.001434    0.663322
   589    0.001319    0.684495
   590    0.001213    0.711852
   591    0.001115    0.745567
   592    0.001025    0.785840
   593    0.000942    0.832689
   594    0.000865    0.885723
   595    0.000794    0.945031
   596    0.000729    1.009995
   597    0.000670    1.080161
   598    0.000615    1.156318
   599    0.000564    1.239001
   600    0.000517    1.328486
   601    0.000475    1.425554
   602    0.000435    1.530484
   603    0.000399    1.643549
   604    0.000366    1.765082
   605    0.000335    1.895962
   606    0.000307    2.037189
   607    0.000281    2.188450
   608    0.000258    2.351247
   609    0.000236    2.524956
   610    0.000216    2.710513
   611    0.000198    2.908057
   612    0.000181    3.120677
   613    0.000166    3.347632
   614    0.000151    3.592800
   615    0.000138    3.854242
   616    0.000127    4.132650
   617    0.000116    4.430340
   618    0.000106    4.748506
   619    0.000097    5.088368
   620    0.000088    5.448878
   621    0.000081    5.833450
   622    0.000074    6.242998
   623    0.000067    6.676499
   624    0.000061    7.140464
   625    0.000056    7.630688
   626    0.000051    8.155047
   627    0.000047    8.711956
   628    0.000043    9.302430
   629    0.000039    9.933052
   630    0.000035   10.601289
   631    0.000032   11.308045
   632    0.000029   12.054535
   633    0.000027   12.841076
   634    0.000024   13.676678
   635    0.000022   14.555247
   636    0.000020   15.467836
   637    0.000018   16.432273
   638    0.000017   17.439569
   639    0.000015   18.489208
   640    0.000014   19.579910
   641    0.000013   20.709758
   642    0.000011   21.892811
   643    0.000010   23.094223
   644    0.000009   24.344341
   645    0.000009   25.599294
   646    0.000008   26.893703
   647    0.000007   28.198441
   648    0.000006   29.481715
   649    0.000006   30.758313
#CDM-nucleon cross sections[pb]:
   201 2.067458E-09 #proton SI
   202 0.000000E+00 #proton SD
   203 2.430453E-09 #neutron SI
   204 0.000000E+00 #neutron SD
