BLOCK DarkMatter
   1   8.669900E-05   #dark matter relick densisty
   2   7.243024E-04   #ratio omega_N/omega_0
   100 0.548125 # ~nR1 ~nR1 -> d3 D3
   101 0.286422 # ~nR1 ~nR1 -> g g
   102 0.095307 # ~nR1 ~nR1 -> e3 E3
   103 0.059866 # ~nR1 ~nR1 -> u2 U2
   301  6.204275E+01  #Dark Matter Mass (GeV)
   302  1.468916E-24  #SigmaV=[cm^3/s]
   401   62.042752    0.101619
   402   61.790282    0.000006
   403   61.331313    0.000013
   404   60.742032    0.000018
   405   60.051526    0.000022
   406   59.277798    0.000026
   407   58.433864    0.000029
   408   57.529948    0.000034
   409   56.574499    0.000038
   410   55.574737    0.000043
   411   54.536976    0.000049
   412   53.466829    0.000057
   413   52.369345    0.000066
   414   51.249105    0.000076
   415   50.110291    0.000089
   416   48.956739    0.000103
   417   47.791980    0.000120
   418   46.619267    0.000140
   419   45.441605    0.000164
   420   44.261770    0.000190
   421   43.082325    0.000221
   422   41.905638    0.000257
   423   40.733893    0.000299
   424   39.569101    0.000348
   425   38.413110    0.000407
   426   37.267616    0.000474
   427   36.134172    0.000553
   428   35.014191    0.000642
   429   33.908960    0.000744
   430   32.819640    0.000862
   431   31.747280    0.000999
   432   30.692814    0.001157
   433   29.657077    0.001341
   434   28.640802    0.001553
   435   27.644631    0.001797
   436   26.669117    0.002079
   437   25.714729    0.002403
   438   24.781860    0.002777
   439   23.870828    0.003205
   440   22.981883    0.003695
   441   22.115209    0.004255
   442   21.270930    0.004900
   443   20.449114    0.005649
   444   19.649773    0.006520
   445   18.872875    0.007535
   446   18.118337    0.008709
   447   17.386037    0.010062
   448   16.675814    0.011618
   449   15.987471    0.013404
   450   15.320776    0.015459
   451   14.675470    0.017839
   452   14.051266    0.020598
   453   13.447851    0.023799
   454   12.864892    0.027506
   455   12.302035    0.031777
   456   11.758909    0.036685
   457   11.235127    0.042321
   458   10.730291    0.048795
   459   10.243988    0.056255
   460    9.775798    0.064848
   461    9.325293    0.074747
   462    8.892038    0.086121
   463    8.475592    0.099132
   464    8.075512    0.113962
   465    7.691354    0.130790
   466    7.322671    0.149942
   467    6.969016    0.171635
   468    6.629945    0.196268
   469    6.305015    0.224145
   470    5.993787    0.255819
   471    5.695824    0.291651
   472    5.410695    0.332038
   473    5.137974    0.377535
   474    4.877242    0.428550
   475    4.628083    0.485515
   476    4.390093    0.549080
   477    4.162870    0.619972
   478    3.946023    0.698604
   479    3.739169    0.786196
   480    3.541931    0.883258
   481    3.353943    0.990705
   482    3.174847    1.109480
   483    3.004294    1.240217
   484    2.841942    1.384105
   485    2.687462    1.541921
   486    2.540531    1.714371
   487    2.400837    1.902762
   488    2.268076    2.108043
   489    2.141953    2.331418
   490    2.022185    2.574681
   491    1.908495    2.838689
   492    1.800616    3.124779
   493    1.698291    3.434251
   494    1.601270    3.767855
   495    1.509313    4.126755
   496    1.422188    4.511807
   497    1.339672    4.923202
   498    1.261549    5.362714
   499    1.187614    5.832681
   500    1.117666    6.339979
   501    1.051515    6.892327
   502    0.988977    7.499889
   503    0.929875    8.168781
   504    0.874040    8.899543
   505    0.821311    9.686132
   506    0.771531   10.517826
   507    0.724552   11.382809
   508    0.680231   12.270276
   509    0.638433   13.176293
   510    0.599027   14.098987
   511    0.561889   15.041055
   512    0.526899   16.003959
   513    0.493945   16.988557
   514    0.462918   17.998293
   515    0.433715   19.032091
   516    0.406238   20.091129
   517    0.380394   21.173303
   518    0.356092   22.276182
   519    0.333249   23.393972
   520    0.311783   24.523222
   521    0.291618   25.658464
   522    0.272682   26.792328
   523    0.254904   27.925942
   524    0.238219   29.056777
   525    0.222565   30.179031
   526    0.207882   31.286495
   527    0.194115   32.373194
   528    0.181211   33.431543
   529    0.169118   34.451321
   530    0.157789   35.429038
   531    0.147180   36.363562
   532    0.137248   37.251308
   533    0.127951   38.085024
   534    0.119253   38.853412
   535    0.111116   39.550340
   536    0.103507   40.169166
   537    0.096394   40.708759
   538    0.089746   41.161382
   539    0.083535   41.520056
   540    0.077733   41.783537
   541    0.072316   41.947745
   542    0.067258   41.999232
   543    0.062539   41.955938
   544    0.058135   41.801711
   545    0.054028   41.547786
   546    0.050198   41.189048
   547    0.046628   40.730035
   548    0.043301   40.158399
   549    0.040201   39.492207
   550    0.037313   38.713108
   551    0.034625   37.828174
   552    0.032122   36.868121
   553    0.029792   35.835840
   554    0.027625   34.746270
   555    0.025609   33.613012
   556    0.023734   32.448794
   557    0.021991   31.218972
   558    0.020371   29.958278
   559    0.018866   28.664620
   560    0.017468   27.356861
   561    0.016169   26.057013
   562    0.014964   24.765896
   563    0.013845   23.485841
   564    0.012806   22.213468
   565    0.011843   20.941348
   566    0.010949   19.687035
   567    0.010121   18.458312
   568    0.009353   17.272827
   569    0.008641   16.146768
   570    0.007981   15.079710
   571    0.007370   14.065974
   572    0.006805   13.099540
   573    0.006281   12.167371
   574    0.005796   11.274685
   575    0.005347   10.423068
   576    0.004932    9.625836
   577    0.004548    8.876016
   578    0.004194    8.169507
   579    0.003865    7.509030
   580    0.003562    6.904157
   581    0.003282    6.371938
   582    0.003023    5.922761
   583    0.002784    5.557756
   584    0.002563    5.264278
   585    0.002359    5.025876
   586    0.002171    4.828375
   587    0.001998    4.659781
   588    0.001838    4.519401
   589    0.001690    4.409921
   590    0.001554    4.337814
   591    0.001428    4.311057
   592    0.001313    4.338190
   593    0.001206    4.423168
   594    0.001108    4.565307
   595    0.001018    4.758635
   596    0.000934    4.994272
   597    0.000858    5.263736
   598    0.000787    5.566851
   599    0.000723    5.904418
   600    0.000663    6.278565
   601    0.000608    6.694483
   602    0.000558    7.152886
   603    0.000511    7.654498
   604    0.000469    8.199999
   605    0.000429    8.792752
   606    0.000393    9.434655
   607    0.000360   10.127474
   608    0.000330   10.876796
   609    0.000302   11.680645
   610    0.000277   12.547182
   611    0.000253   13.476070
   612    0.000232   14.476294
   613    0.000212   15.548434
   614    0.000194   16.703421
   615    0.000177   17.940753
   616    0.000162   19.258904
   617    0.000148   20.672321
   618    0.000135   22.184722
   619    0.000124   23.807883
   620    0.000113   25.538847
   621    0.000103   27.394782
   622    0.000094   29.376892
   623    0.000086   31.487583
   624    0.000079   33.757015
   625    0.000072   36.170236
   626    0.000065   38.755361
   627    0.000060   41.512296
   628    0.000054   44.456695
   629    0.000050   47.599599
   630    0.000045   50.936663
   631    0.000041   54.493662
   632    0.000038   58.252752
   633    0.000034   62.251051
   634    0.000031   66.500345
   635    0.000028   70.999301
   636    0.000026   75.714333
   637    0.000024   80.734121
   638    0.000021   86.025944
   639    0.000020   91.594253
   640    0.000018   97.463505
   641    0.000016  103.617060
   642    0.000015  110.129196
   643    0.000013  116.879599
   644    0.000012  124.028442
   645    0.000011  131.399014
   646    0.000010  139.177218
   647    0.000009  147.222196
   648    0.000008  155.491098
   649    0.000008  164.002667
#CDM-nucleon cross sections[pb]:
   201 8.941817E-12 #proton SI
   202 0.000000E+00 #proton SD
   203 5.897751E-11 #neutron SI
   204 0.000000E+00 #neutron SD
