BLOCK DarkMatter
   1   7.828786E-06   #dark matter relick densisty
   2   6.540339E-05   #ratio omega_N/omega_0
   100 0.780020 # ~nR1 ~nR1 -> d3 D3
   101 0.135795 # ~nR1 ~nR1 -> e3 E3
   102 0.064260 # ~nR1 ~nR1 -> g g
   103 0.017456 # ~nR1 ~nR1 -> u2 U2
   301  5.667231E+01  #Dark Matter Mass (GeV)
   302  5.635656E-24  #SigmaV=[cm^3/s]
   401   56.672307    0.021400
   402   56.441691    0.000007
   403   56.022450    0.000015
   404   55.484178    0.000021
   405   54.853442    0.000026
   406   54.146689    0.000030
   407   53.375806    0.000035
   408   52.550133    0.000040
   409   51.677388    0.000045
   410   50.764166    0.000052
   411   49.816234    0.000059
   412   48.838719    0.000069
   413   47.836234    0.000081
   414   46.812962    0.000095
   415   45.772724    0.000111
   416   44.719025    0.000130
   417   43.655087    0.000153
   418   42.583885    0.000179
   419   41.508162    0.000210
   420   40.430454    0.000246
   421   39.353102    0.000286
   422   38.278270    0.000333
   423   37.207952    0.000388
   424   36.143984    0.000453
   425   35.088056    0.000530
   426   34.041717    0.000618
   427   33.006384    0.000718
   428   31.983349    0.000833
   429   30.973787    0.000963
   430   29.978759    0.001112
   431   28.999223    0.001285
   432   28.036032    0.001482
   433   27.089949    0.001711
   434   26.161643    0.001972
   435   25.251701    0.002271
   436   24.360627    0.002614
   437   23.488852    0.003008
   438   22.636732    0.003458
   439   21.804560    0.003967
   440   20.992562    0.004543
   441   20.200908    0.005193
   442   19.429710    0.005937
   443   18.679030    0.006795
   444   17.948881    0.007793
   445   17.239231    0.008951
   446   16.550006    0.010286
   447   15.881095    0.011810
   448   15.232349    0.013547
   449   14.603589    0.015523
   450   13.994604    0.017779
   451   13.405156    0.020384
   452   12.834983    0.023400
   453   12.283800    0.026900
   454   11.751302    0.030953
   455   11.237166    0.035614
   456   10.741053    0.040952
   457   10.262610    0.047064
   458    9.801473    0.054072
   459    9.357265    0.062155
   460    8.929602    0.071484
   461    8.518092    0.082262
   462    8.122339    0.094665
   463    7.741941    0.108859
   464    7.376493    0.125013
   465    7.025587    0.143289
   466    6.688817    0.164022
   467    6.365775    0.187481
   468    6.056054    0.214104
   469    5.759251    0.244209
   470    5.474962    0.278441
   471    5.202791    0.317240
   472    4.942343    0.360986
   473    4.693229    0.410252
   474    4.455066    0.465448
   475    4.227475    0.526999
   476    4.010084    0.595559
   477    3.802530    0.672004
   478    3.604454    0.756705
   479    3.415505    0.851120
   480    3.235340    0.955646
   481    3.063625    1.071250
   482    2.900031    1.199005
   483    2.744241    1.339508
   484    2.595943    1.494332
   485    2.454834    1.664251
   486    2.320622    1.849961
   487    2.193019    2.052713
   488    2.071750    2.273577
   489    1.956545    2.513754
   490    1.847144    2.775326
   491    1.743295    3.059119
   492    1.644754    3.366464
   493    1.551286    3.698708
   494    1.462663    4.055937
   495    1.378666    4.439592
   496    1.299083    4.849914
   497    1.223709    5.286858
   498    1.152349    5.751955
   499    1.084814    6.247594
   500    1.020921    6.782354
   501    0.960496    7.365625
   502    0.903371    8.010516
   503    0.849385    8.724531
   504    0.798383    9.507812
   505    0.750218   10.351344
   506    0.704747   11.239985
   507    0.661834   12.156628
   508    0.621350   13.087014
   509    0.583170   14.024004
   510    0.547175   14.965877
   511    0.513251   15.914376
   512    0.481290   16.873094
   513    0.451189   17.844406
   514    0.422848   18.829175
   515    0.396173   19.831233
   516    0.371074   20.849497
   517    0.347467   21.882285
   518    0.325269   22.930376
   519    0.304403   23.985187
   520    0.284795   25.040274
   521    0.266376   26.092722
   522    0.249078   27.133987
   523    0.232839   28.167583
   524    0.217599   29.190697
   525    0.203299   30.201469
   526    0.189888   31.195305
   527    0.177313   32.160740
   528    0.165525   33.088986
   529    0.154479   33.970467
   530    0.144131   34.801220
   531    0.134440   35.581277
   532    0.125367   36.309046
   533    0.116876   36.982726
   534    0.108930   37.587040
   535    0.101498   38.120573
   536    0.094547   38.574770
   537    0.088050   38.953324
   538    0.081977   39.248112
   539    0.076304   39.449679
   540    0.071004   39.560580
   541    0.066056   39.573792
   542    0.061436   39.478589
   543    0.057125   39.303563
   544    0.053103   39.023424
   545    0.049351   38.670462
   546    0.045853   38.227516
   547    0.042592   37.709108
   548    0.039553   37.080562
   549    0.036721   36.377710
   550    0.034083   35.567553
   551    0.031628   34.656184
   552    0.029341   33.688909
   553    0.027213   32.666237
   554    0.025234   31.609712
   555    0.023392   30.534535
   556    0.021680   29.439157
   557    0.020088   28.297752
   558    0.018608   27.123967
   559    0.017233   25.925276
   560    0.015956   24.724513
   561    0.014770   23.543064
   562    0.013668   22.381367
   563    0.012646   21.234680
   564    0.011698   20.094061
   565    0.010818   18.945517
   566    0.010002   17.810795
   567    0.009245   16.699854
   568    0.008543   15.639137
   569    0.007893   14.648128
   570    0.007291   13.721684
   571    0.006732   12.843118
   572    0.006216   11.995914
   573    0.005737   11.166592
   574    0.005294   10.362810
   575    0.004885    9.594174
   576    0.004505    8.873157
   577    0.004155    8.195821
   578    0.003831    7.552961
   579    0.003531    6.947787
   580    0.003254    6.397211
   581    0.002998    5.929970
   582    0.002761    5.565267
   583    0.002543    5.304727
   584    0.002341    5.129836
   585    0.002155    5.014360
   586    0.001983    4.938133
   587    0.001825    4.887694
   588    0.001678    4.865387
   589    0.001544    4.876569
   590    0.001419    4.928396
   591    0.001305    5.027458
   592    0.001199    5.180801
   593    0.001102    5.391552
   594    0.001012    5.658390
   595    0.000930    5.977495
   596    0.000854    6.340772
   597    0.000784    6.740955
   598    0.000719    7.180476
   599    0.000660    7.661539
   600    0.000605    8.186655
   601    0.000555    8.761805
   602    0.000509    9.388505
   603    0.000467   10.068367
   604    0.000428   10.802800
   605    0.000392   11.597123
   606    0.000359   12.455660
   607    0.000329   13.379009
   608    0.000302   14.375558
   609    0.000276   15.441747
   610    0.000253   16.586601
   611    0.000231   17.809897
   612    0.000212   19.127176
   613    0.000194   20.536461
   614    0.000177   22.056823
   615    0.000162   23.682745
   616    0.000148   25.415674
   617    0.000135   27.271632
   618    0.000124   29.256782
   619    0.000113   31.383522
   620    0.000103   33.647247
   621    0.000094   36.069359
   622    0.000086   38.655520
   623    0.000079   41.401797
   624    0.000072   44.349488
   625    0.000066   47.475245
   626    0.000060   50.822577
   627    0.000055   54.386520
   628    0.000050   58.182549
   629    0.000045   62.236916
   630    0.000041   66.538856
   631    0.000038   71.111085
   632    0.000034   75.944659
   633    0.000031   81.069929
   634    0.000029   86.521320
   635    0.000026   92.282161
   636    0.000024   98.302772
   637    0.000022  104.701294
   638    0.000020  111.429288
   639    0.000018  118.489567
   640    0.000016  125.897005
   641    0.000015  133.635609
   642    0.000013  141.800831
   643    0.000012  150.204502
   644    0.000011  159.052755
   645    0.000010  168.090431
   646    0.000009  177.555762
   647    0.000008  187.264540
   648    0.000008  197.096054
   649    0.000007  207.113621
#CDM-nucleon cross sections[pb]:
   201 1.219536E-10 #proton SI
   202 0.000000E+00 #proton SD
   203 2.967413E-10 #neutron SI
   204 0.000000E+00 #neutron SD
