BLOCK DarkMatter
   1   5.839650E-02   #dark matter relick densisty
   2   4.878571E-01   #ratio omega_N/omega_0
   100 0.714249 # ~nI1 ~nI1 -> Wm Wp
   101 0.281252 # ~nI1 ~nI1 -> Z Z
   301  1.043917E+02  #Dark Matter Mass (GeV)
   302  4.403975E-26  #SigmaV=[cm^3/s]
   401  104.391741    0.000141
   402  103.966941    0.000000
   403  103.194689    0.000000
   404  102.203178    0.000000
   405  101.041349    0.000000
   406   99.739492    0.000000
   407   98.319507    0.000000
   408   96.798598    0.000000
   409   95.190981    0.000000
   410   93.508804    0.000000
   411   91.762691    0.000000
   412   89.962086    0.000000
   413   88.115484    0.000001
   414   86.230592    0.000002
   415   84.314450    0.000003
   416   82.373510    0.000004
   417   80.413712    0.000006
   418   78.440531    0.000009
   419   76.459024    0.000012
   420   74.473860    0.000017
   421   72.489353    0.000022
   422   70.509486    0.000028
   423   68.537934    0.000035
   424   66.578080    0.000044
   425   64.633036    0.000055
   426   62.705654    0.000069
   427   60.798546    0.000085
   428   58.914092    0.000103
   429   57.054454    0.000125
   430   55.221590    0.000151
   431   53.417260    0.000182
   432   51.643040    0.000220
   433   49.900332    0.000266
   434   48.190371    0.000319
   435   46.514236    0.000382
   436   44.872857    0.000457
   437   43.267025    0.000549
   438   41.697401    0.000661
   439   40.164519    0.000812
   440   38.668800    0.000980
   441   37.210554    0.001176
   442   35.789990    0.001407
   443   34.407219    0.001682
   444   33.062267    0.002011
   445   31.755075    0.002399
   446   30.485506    0.002854
   447   29.253356    0.003385
   448   28.058351    0.004009
   449   26.900159    0.004742
   450   25.778393    0.005602
   451   24.692616    0.006600
   452   23.642344    0.007759
   453   22.627052    0.009097
   454   21.646178    0.010652
   455   20.699128    0.012454
   456   19.785276    0.014541
   457   18.903973    0.016947
   458   18.054547    0.019719
   459   17.236304    0.022910
   460   16.448539    0.026587
   461   15.690529    0.030809
   462   14.961543    0.035631
   463   14.260840    0.041111
   464   13.587676    0.047334
   465   12.941300    0.054417
   466   12.320961    0.062492
   467   11.725910    0.071695
   468   11.155397    0.082138
   469   10.608677    0.093977
   470   10.085011    0.107302
   471    9.583665    0.122414
   472    9.103914    0.139533
   473    8.645040    0.158828
   474    8.206337    0.180485
   475    7.787109    0.204866
   476    7.386671    0.232167
   477    7.004351    0.262735
   478    6.639490    0.296937
   479    6.291441    0.335144
   480    5.959573    0.377760
   481    5.643269    0.425249
   482    5.341927    0.478147
   483    5.054957    0.537034
   484    4.781788    0.602405
   485    4.521863    0.674944
   486    4.274640    0.755368
   487    4.039594    0.844395
   488    3.816213    0.942753
   489    3.604003    1.051504
   490    3.402483    1.171208
   491    3.211191    1.302940
   492    3.029677    1.447707
   493    2.857506    1.606440
   494    2.694261    1.780297
   495    2.539536    1.970393
   496    2.392941    2.178200
   497    2.254101    2.404599
   498    2.122655    2.651101
   499    1.998253    2.919156
   500    1.880560    3.210293
   501    1.769256    3.525450
   502    1.664030    3.867139
   503    1.564587    4.236544
   504    1.470641    4.635692
   505    1.381919    5.065533
   506    1.298160    5.528709
   507    1.219115    6.026457
   508    1.144542    6.560757
   509    1.074213    7.133031
   510    1.007909    7.744906
   511    0.945421    8.398269
   512    0.886548    9.093264
   513    0.831100    9.832035
   514    0.778895   10.614201
   515    0.729759   11.441732
   516    0.683527   12.314186
   517    0.640042   13.230636
   518    0.599152   14.192858
   519    0.560717   15.198107
   520    0.524599   16.246973
   521    0.490670   17.337906
   522    0.458808   18.468038
   523    0.428895   19.636535
   524    0.400822   20.838028
   525    0.374482   22.071252
   526    0.349778   23.330004
   527    0.326614   24.610373
   528    0.304901   25.907995
   529    0.284554   27.216481
   530    0.265493   28.529332
   531    0.247642   29.839893
   532    0.230930   31.143815
   533    0.215288   32.434236
   534    0.200652   33.701924
   535    0.186961   34.940285
   536    0.174159   36.144823
   537    0.162190   37.302746
   538    0.151004   38.408850
   539    0.140553   39.454259
   540    0.130792   40.430439
   541    0.121677   41.329317
   542    0.113167   42.144476
   543    0.105226   42.864091
   544    0.097817   43.487118
   545    0.090906   44.005768
   546    0.084462   44.415178
   547    0.078455   44.709247
   548    0.072857   44.887682
   549    0.067641   44.949853
   550    0.062783   44.887916
   551    0.058259   44.710244
   552    0.054047   44.422140
   553    0.050128   44.004597
   554    0.046481   43.470547
   555    0.043089   42.833879
   556    0.039934   42.087484
   557    0.037002   41.221127
   558    0.034276   40.275446
   559    0.031744   39.242254
   560    0.029391   38.118270
   561    0.027206   36.934150
   562    0.025178   35.685973
   563    0.023295   34.384208
   564    0.021547   33.042717
   565    0.019926   31.672899
   566    0.018423   30.284009
   567    0.017029   28.890520
   568    0.015737   27.496251
   569    0.014539   26.115914
   570    0.013429   24.760925
   571    0.012401   23.437024
   572    0.011449   22.156757
   573    0.010568   20.926065
   574    0.009752   19.752217
   575    0.008997   18.643992
   576    0.008299   17.601048
   577    0.007653   16.628992
   578    0.007056   15.736774
   579    0.006504   14.912564
   580    0.005993   14.166467
   581    0.005522   13.499703
   582    0.005086   12.913403
   583    0.004684   12.410848
   584    0.004312   11.991824
   585    0.003970   11.661417
   586    0.003653   11.419495
   587    0.003361   11.269598
   588    0.003092   11.211779
   589    0.002843   11.249192
   590    0.002614   11.384462
   591    0.002403   11.616965
   592    0.002209   11.951685
   593    0.002029   12.389436
   594    0.001864   12.935430
   595    0.001712   13.588770
   596    0.001572   14.356267
   597    0.001443   15.227468
   598    0.001325   16.216839
   599    0.001216   17.309021
   600    0.001115   18.518517
   601    0.001023   19.841149
   602    0.000938   21.289108
   603    0.000860   22.874102
   604    0.000788   24.613332
   605    0.000723   26.527538
   606    0.000662   28.626984
   607    0.000606   30.948747
   608    0.000555   33.503741
   609    0.000509   36.303927
   610    0.000466   39.363723
   611    0.000426   42.688074
   612    0.000390   46.302723
   613    0.000357   50.202542
   614    0.000326   54.431242
   615    0.000298   59.030827
   616    0.000273   64.029063
   617    0.000249   69.488737
   618    0.000228   75.478830
   619    0.000208   82.036904
   620    0.000190   89.275334
   621    0.000174   97.171268
   622    0.000159  105.754351
   623    0.000145  115.095106
   624    0.000132  125.166755
   625    0.000121  135.995998
   626    0.000110  147.587145
   627    0.000100  159.927830
   628    0.000092  173.127614
   629    0.000084  187.306755
   630    0.000076  202.572729
   631    0.000069  219.139930
   632    0.000063  237.282143
   633    0.000058  257.267712
   634    0.000053  279.280608
   635    0.000048  303.562583
   636    0.000044  330.344288
   637    0.000040  359.737264
   638    0.000036  391.817241
   639    0.000033  426.623361
   640    0.000030  464.381895
   641    0.000027  505.169940
   642    0.000025  549.326492
   643    0.000022  597.226117
   644    0.000020  649.449973
   645    0.000019  706.689220
   646    0.000017  769.705223
   647    0.000015  839.351133
   648    0.000014  916.462477
   649    0.000013 1001.799416
#CDM-nucleon cross sections[pb]:
   201 6.010383E-09 #proton SI
   202 0.000000E+00 #proton SD
   203 6.350826E-09 #neutron SI
   204 0.000000E+00 #neutron SD
