BLOCK DarkMatter
   1   8.806637E-02   #dark matter relick densisty
   2   7.357257E-01   #ratio omega_N/omega_0
   100 0.383282 # ~nR1 ~nR1 -> nu4 nu4
   101 0.371673 # ~nR1 ~nR1 -> Wm Wp
   102 0.157480 # ~nR1 ~nR1 -> Z Z
   103 0.080448 # ~nR1 ~nR1 -> h1 h2
   301  1.188754E+02  #Dark Matter Mass (GeV)
   302  2.611984E-26  #SigmaV=[cm^3/s]
   401  118.875409    0.000106
   402  118.391671    0.000000
   403  117.512274    0.000000
   404  116.383198    0.000000
   405  115.060172    0.000000
   406  113.577691    0.000000
   407  111.960693    0.000000
   408  110.228767    0.000000
   409  108.398104    0.000000
   410  106.482536    0.000000
   411  104.494161    0.000000
   412  102.443734    0.000001
   413  100.340928    0.000002
   414   98.194520    0.000003
   415   96.012525    0.000004
   416   93.802293    0.000006
   417   91.570586    0.000008
   418   89.323640    0.000010
   419   87.067211    0.000013
   420   84.806618    0.000015
   421   82.546774    0.000018
   422   80.292214    0.000022
   423   78.047122    0.000026
   424   75.815351    0.000031
   425   73.600445    0.000039
   426   71.405652    0.000046
   427   69.233945    0.000056
   428   67.088035    0.000068
   429   64.970385    0.000081
   430   62.883223    0.000100
   431   60.828553    0.000123
   432   58.808172    0.000149
   433   56.823675    0.000178
   434   54.876468    0.000210
   435   52.967780    0.000249
   436   51.098670    0.000297
   437   49.270040    0.000357
   438   47.482641    0.000428
   439   45.737082    0.000511
   440   44.033842    0.000606
   441   42.373274    0.000720
   442   40.755616    0.000854
   443   39.180995    0.001010
   444   37.649440    0.001189
   445   36.160883    0.001398
   446   34.715170    0.001644
   447   33.312067    0.001940
   448   31.951262    0.002288
   449   30.632379    0.002692
   450   29.354976    0.003155
   451   28.118554    0.003690
   452   26.922564    0.004310
   453   25.766407    0.005034
   454   24.649443    0.005868
   455   23.570996    0.006825
   456   22.530353    0.007924
   457   21.526775    0.009195
   458   20.559496    0.010670
   459   19.627728    0.012374
   460   18.730666    0.014319
   461   17.867487    0.016525
   462   17.037358    0.019027
   463   16.239438    0.021879
   464   15.472876    0.025131
   465   14.736820    0.028839
   466   14.030414    0.033065
   467   13.352803    0.037881
   468   12.703135    0.043332
   469   12.080561    0.049457
   470   11.484240    0.056306
   471   10.913336    0.063987
   472   10.367022    0.072690
   473    9.844483    0.082548
   474    9.344913    0.093754
   475    8.867519    0.106346
   476    8.411523    0.120459
   477    7.976159    0.136219
   478    7.560675    0.153825
   479    7.164337    0.173483
   480    6.786425    0.195408
   481    6.426236    0.219897
   482    6.083084    0.247099
   483    5.756299    0.277267
   484    5.445230    0.310823
   485    5.149242    0.347908
   486    4.867719    0.388977
   487    4.600061    0.434392
   488    4.345687    0.484492
   489    4.104034    0.539791
   490    3.874556    0.600635
   491    3.656723    0.667699
   492    3.450024    0.741366
   493    3.253966    0.822309
   494    3.068072    0.910996
   495    2.891879    1.008249
   496    2.724946    1.114398
   497    2.566843    1.230284
   498    2.417159    1.356573
   499    2.275497    1.493951
   500    2.141476    1.643022
   501    2.014729    1.804634
   502    1.894904    1.979510
   503    1.781663    2.168628
   504    1.674682    2.373055
   505    1.573651    2.593408
   506    1.478272    2.830969
   507    1.388259    3.086388
   508    1.303340    3.360966
   509    1.223253    3.655650
   510    1.147750    3.971135
   511    1.076592    4.307976
   512    1.009551    4.667208
   513    0.946410    5.049007
   514    0.886962    5.454157
   515    0.831009    5.882712
   516    0.778362    6.334685
   517    0.728843    6.810513
   518    0.682281    7.309602
   519    0.638513    7.832686
   520    0.597384    8.377820
   521    0.558748    8.946115
   522    0.522464    9.536176
   523    0.488402   10.148099
   524    0.456433   10.779143
   525    0.426439   11.428495
   526    0.398307   12.095145
   527    0.371929   12.777069
   528    0.347204   13.471256
   529    0.324034   14.175197
   530    0.302328   14.885609
   531    0.282001   15.599750
   532    0.262970   16.314971
   533    0.245157   17.025776
   534    0.228491   17.730913
   535    0.212901   18.423273
   536    0.198322   19.102545
   537    0.184693   19.762188
   538    0.171955   20.399153
   539    0.160054   21.010070
   540    0.148938   21.589232
   541    0.138558   22.133744
   542    0.128868   22.641533
   543    0.119825   23.102984
   544    0.111388   23.522319
   545    0.103519   23.892070
   546    0.096181   24.209000
   547    0.089340   24.475090
   548    0.082965   24.678018
   549    0.077026   24.823871
   550    0.071493   24.912164
   551    0.066342   24.930596
   552    0.061546   24.889695
   553    0.057083   24.779794
   554    0.052930   24.609362
   555    0.049067   24.372080
   556    0.045475   24.084650
   557    0.042136   23.733526
   558    0.039032   23.329449
   559    0.036148   22.874800
   560    0.033469   22.370230
   561    0.030981   21.816764
   562    0.028671   21.221992
   563    0.026527   20.586732
   564    0.024537   19.920152
   565    0.022691   19.224064
   566    0.020979   18.502458
   567    0.019392   17.762570
   568    0.017920   17.011558
   569    0.016556   16.255699
   570    0.015293   15.500333
   571    0.014122   14.752610
   572    0.013038   14.016871
   573    0.012034   13.298924
   574    0.011105   12.604996
   575    0.010246   11.936415
   576    0.009451   11.302775
   577    0.008715   10.700617
   578    0.008035   10.136797
   579    0.007406    9.612873
   580    0.006825    9.136403
   581    0.006288    8.702777
   582    0.005792    8.315038
   583    0.005334    7.974334
   584    0.004911    7.682399
   585    0.004520    7.439595
   586    0.004160    7.248737
   587    0.003827    7.109296
   588    0.003521    7.024012
   589    0.003238    6.992807
   590    0.002977    7.018620
   591    0.002737    7.099055
   592    0.002515    7.237662
   593    0.002311    7.432396
   594    0.002123    7.686592
   595    0.001950    7.996767
   596    0.001790    8.366609
   597    0.001644    8.795820
   598    0.001509    9.287599
   599    0.001384    9.840568
   600    0.001270   10.464270
   601    0.001165   11.160435
   602    0.001068   11.930986
   603    0.000979   12.784050
   604    0.000898   13.733793
   605    0.000823   14.782929
   606    0.000754   15.937089
   607    0.000691   17.217791
   608    0.000632   18.626419
   609    0.000579   20.163478
   610    0.000530   21.842960
   611    0.000485   23.672908
   612    0.000444   25.651658
   613    0.000406   27.792200
   614    0.000372   30.109424
   615    0.000340   32.619993
   616    0.000311   35.369403
   617    0.000284   38.361280
   618    0.000260   41.644359
   619    0.000237   45.235430
   620    0.000217   49.184876
   621    0.000198   53.488751
   622    0.000181   58.203025
   623    0.000165   63.310064
   624    0.000151   68.865919
   625    0.000137   74.863923
   626    0.000125   81.341630
   627    0.000114   88.366719
   628    0.000104   95.914970
   629    0.000095  104.097935
   630    0.000087  112.958551
   631    0.000079  122.583643
   632    0.000072  132.936732
   633    0.000066  144.266955
   634    0.000060  156.481277
   635    0.000054  169.766026
   636    0.000050  184.305660
   637    0.000045  200.062559
   638    0.000041  217.281184
   639    0.000037  236.111799
   640    0.000034  256.755884
   641    0.000031  279.419621
   642    0.000028  304.326024
   643    0.000026  331.692409
   644    0.000023  361.680834
   645    0.000021  394.410593
   646    0.000019  429.944639
   647    0.000017  468.321147
   648    0.000016  509.612946
   649    0.000014  553.932586
#CDM-nucleon cross sections[pb]:
   201 6.788837E-10 #proton SI
   202 0.000000E+00 #proton SD
   203 6.947960E-10 #neutron SI
   204 0.000000E+00 #neutron SD
