BLOCK DarkMatter
   1   4.967949E-02   #dark matter relick densisty
   2   4.150333E-01   #ratio omega_N/omega_0
   100 0.251648 # ~N1 ~N1 -> h2 Z
   101 0.214585 # ~N1 ~N1 -> h2 h2
   102 0.192208 # ~N1 ~N1 -> Wm Wp
   103 0.103674 # ~N1 ~N1 -> Z Z
   104 0.073248 # ~N1 ~N1 -> h1 Z
   105 0.068188 # ~N1 ~N1 -> nu4 nu4
   106 0.045369 # ~N1 ~N1 -> u3 U3
   107 0.029749 # ~N1 ~N1 -> h1 h2
   301  1.637007E+02  #Dark Matter Mass (GeV)
   302  2.838834E-26  #SigmaV=[cm^3/s]
   401  163.700688    0.000227
   402  163.034543    0.000000
   403  161.823546    0.000000
   404  160.268719    0.000000
   405  158.446810    0.000000
   406  156.405318    0.000000
   407  154.178585    0.000000
   408  151.793590    0.000000
   409  149.272624    0.000001
   410  146.634738    0.000017
   411  143.896591    0.000017
   412  141.072993    0.000018
   413  138.177265    0.000019
   414  135.221495    0.000020
   415  132.216718    0.000021
   416  129.173056    0.000022
   417  126.099822    0.000024
   418  123.005602    0.000026
   419  119.898324    0.000029
   420  116.785312    0.000033
   421  113.673331    0.000037
   422  110.568626    0.000041
   423  107.476960    0.000046
   424  104.403638    0.000052
   425  101.353540    0.000059
   426   98.331139    0.000067
   427   95.340529    0.000076
   428   92.385444    0.000087
   429   89.469275    0.000100
   430   86.595090    0.000116
   431   83.765651    0.000135
   432   80.983429    0.000156
   433   78.250622    0.000182
   434   75.569167    0.000213
   435   72.940755    0.000249
   436   70.366845    0.000292
   437   67.848679    0.000343
   438   65.387291    0.000403
   439   62.983521    0.000474
   440   60.638027    0.000557
   441   58.351296    0.000655
   442   56.123654    0.000771
   443   53.955279    0.000905
   444   51.846208    0.001063
   445   49.796349    0.001246
   446   47.805490    0.001461
   447   45.873308    0.001711
   448   43.999374    0.002002
   449   42.183170    0.002342
   450   40.424086    0.002735
   451   38.721437    0.003193
   452   37.074465    0.003722
   453   35.482347    0.004334
   454   33.944201    0.005039
   455   32.459095    0.005852
   456   31.026049    0.006775
   457   29.644045    0.007866
   458   28.312026    0.009103
   459   27.028909    0.010509
   460   25.793584    0.012137
   461   24.604920    0.014001
   462   23.461768    0.016130
   463   22.362970    0.018563
   464   21.307355    0.021336
   465   20.293748    0.024496
   466   19.320971    0.028096
   467   18.387848    0.032186
   468   17.493205    0.036830
   469   16.635873    0.042091
   470   15.814692    0.048069
   471   15.028512    0.054809
   472   14.276196    0.062448
   473   13.556618    0.071054
   474   12.868672    0.080760
   475   12.211264    0.091704
   476   11.583322    0.103995
   477   10.983791    0.117818
   478   10.411638    0.133293
   479    9.865850    0.150632
   480    9.345435    0.170026
   481    8.849427    0.191666
   482    8.376880    0.215788
   483    7.926872    0.242636
   484    7.498505    0.272476
   485    7.090907    0.305667
   486    6.703227    0.342561
   487    6.334642    0.383436
   488    5.984350    0.428748
   489    5.651575    0.478824
   490    5.335565    0.534101
   491    5.035592    0.595098
   492    4.750952    0.662322
   493    4.480965    0.736438
   494    4.224973    0.818093
   495    3.982343    0.907876
   496    3.752463    1.006536
   497    3.534743    1.114743
   498    3.328616    1.233229
   499    3.133536    1.362642
   500    2.948979    1.503666
   501    2.774438    1.656901
   502    2.609430    1.823139
   503    2.453488    2.003023
   504    2.306168    2.197556
   505    2.167040    2.407883
   506    2.035695    2.635393
   507    1.911740    2.881464
   508    1.794800    3.146891
   509    1.684515    3.432793
   510    1.580541    3.739554
   511    1.482551    4.067780
   512    1.390230    4.417882
   513    1.303280    4.790241
   514    1.221415    5.185392
   515    1.144364    5.603759
   516    1.071865    6.045931
   517    1.003674    6.511675
   518    0.939554    7.001711
   519    0.879282    7.516013
   520    0.822644    8.055770
   521    0.769439    8.621313
   522    0.719474    9.213311
   523    0.672567    9.832268
   524    0.628544   10.478029
   525    0.587240   11.150119
   526    0.548500   11.847381
   527    0.512176   12.567633
   528    0.478127   13.308685
   529    0.446220   14.067204
   530    0.416330   14.840196
   531    0.388337   15.624716
   532    0.362130   16.417344
   533    0.337601   17.213221
   534    0.314650   18.008235
   535    0.293181   18.797356
   536    0.273105   19.575643
   537    0.254336   20.340042
   538    0.236796   21.086720
   539    0.220407   21.813730
   540    0.205100   22.519568
   541    0.190806   23.204826
   542    0.177462   23.864292
   543    0.165009   24.495524
   544    0.153390   25.096365
   545    0.142553   25.660196
   546    0.132448   26.185608
   547    0.123028   26.671992
   548    0.114249   27.117727
   549    0.106070   27.519129
   550    0.098452   27.875232
   551    0.091358   28.180824
   552    0.084753   28.429142
   553    0.078607   28.616646
   554    0.072888   28.738658
   555    0.067569   28.790522
   556    0.062623   28.775682
   557    0.058024   28.694158
   558    0.053750   28.539999
   559    0.049778   28.323803
   560    0.046089   28.038778
   561    0.042663   27.684504
   562    0.039482   27.272607
   563    0.036529   26.795620
   564    0.033789   26.262253
   565    0.031247   25.682567
   566    0.028890   25.054074
   567    0.026704   24.385280
   568    0.024677   23.679223
   569    0.022799   22.942259
   570    0.021059   22.178983
   571    0.019447   21.393791
   572    0.017954   20.592062
   573    0.016572   19.779139
   574    0.015293   18.960941
   575    0.014109   18.140415
   576    0.013014   17.324928
   577    0.012001   16.520386
   578    0.011065   15.729522
   579    0.010199   14.960059
   580    0.009398   14.212031
   581    0.008659   13.490965
   582    0.007976   12.798718
   583    0.007345   12.145186
   584    0.006763   11.528462
   585    0.006225   10.958000
   586    0.005729   10.434444
   587    0.005271    9.960161
   588    0.004848    9.537273
   589    0.004459    9.165795
   590    0.004100    8.847683
   591    0.003769    8.585813
   592    0.003464    8.382053
   593    0.003182    8.238561
   594    0.002924    8.157800
   595    0.002685    8.139209
   596    0.002466    8.184049
   597    0.002263    8.293349
   598    0.002077    8.468455
   599    0.001906    8.710713
   600    0.001749    9.024168
   601    0.001604    9.415485
   602    0.001471    9.886322
   603    0.001349   10.436402
   604    0.001236   11.068882
   605    0.001133   11.782468
   606    0.001038   12.576532
   607    0.000951   13.457794
   608    0.000871   14.434465
   609    0.000798   15.514961
   610    0.000730   16.712637
   611    0.000668   18.033432
   612    0.000612   19.481321
   613    0.000559   21.065288
   614    0.000512   22.803417
   615    0.000468   24.701612
   616    0.000428   26.773588
   617    0.000391   29.040811
   618    0.000357   31.511041
   619    0.000327   34.196105
   620    0.000298   37.111898
   621    0.000273   40.282485
   622    0.000249   43.717053
   623    0.000227   47.454210
   624    0.000207   51.498120
   625    0.000189   55.897706
   626    0.000173   60.668060
   627    0.000158   65.853305
   628    0.000144   71.491391
   629    0.000131   77.655522
   630    0.000119   84.390772
   631    0.000109   91.735706
   632    0.000099   99.727173
   633    0.000090  108.399087
   634    0.000082  117.865512
   635    0.000075  128.179693
   636    0.000068  139.414351
   637    0.000062  151.653469
   638    0.000057  164.984720
   639    0.000052  179.505242
   640    0.000047  195.328224
   641    0.000043  212.566549
   642    0.000039  231.327716
   643    0.000035  251.727566
   644    0.000032  273.858873
   645    0.000029  297.886207
   646    0.000026  323.955157
   647    0.000024  352.286046
   648    0.000022  383.045619
   649    0.000020  416.396562
#CDM-nucleon cross sections[pb]:
   201 7.453214E-10 #proton SI
   202 1.325764E-03 #proton SD
   203 5.890869E-10 #neutron SI
   204 1.013670E-03 #neutron SD
