BLOCK DarkMatter
   1   5.064105E-01   #dark matter relick densisty
   2   4.230664E+00   #ratio omega_N/omega_0
   100 0.862690 # ~nR1 ~nR1 -> h1 h1
   101 0.058124 # ~nR1 ~nR1 -> nu4 nu4
   102 0.039845 # ~nR1 ~nR1 -> h1 h2
   103 0.024233 # ~nR1 ~nR1 -> Wm Wp
   104 0.010156 # ~nR1 ~nR1 -> Z Z
   301  1.150901E+02  #Dark Matter Mass (GeV)
   302  1.030278E-27  #SigmaV=[cm^3/s]
   401  115.090096    0.000094
   402  114.621761    0.000000
   403  113.770367    0.000000
   404  112.677243    0.000000
   405  111.396347    0.000000
   406  109.961071    0.000000
   407  108.395563    0.000000
   408  106.718787    0.000000
   409  104.946417    0.000001
   410  103.091845    0.000001
   411  101.166786    0.000001
   412   99.181650    0.000001
   413   97.145803    0.000001
   414   95.067743    0.000002
   415   92.955228    0.000002
   416   90.815376    0.000002
   417   88.654732    0.000003
   418   86.479334    0.000004
   419   84.294757    0.000005
   420   82.106147    0.000006
   421   79.918262    0.000007
   422   77.735494    0.000008
   423   75.561892    0.000010
   424   73.401187    0.000012
   425   71.256809    0.000014
   426   69.131904    0.000016
   427   67.029350    0.000020
   428   64.951771    0.000023
   429   62.901553    0.000028
   430   60.880851    0.000033
   431   58.891609    0.000039
   432   56.935562    0.001097
   433   55.014256    0.000078
   434   53.129054    0.000096
   435   51.281143    0.000117
   436   49.471551    0.000144
   437   47.701150    0.000177
   438   45.970666    0.000217
   439   44.280691    0.000265
   440   42.631686    0.000322
   441   41.023995    0.000390
   442   39.457847    0.000470
   443   37.933367    0.000566
   444   36.450580    0.000681
   445   35.009423    0.000818
   446   33.609746    0.000980
   447   32.251321    0.001170
   448   30.933848    0.001392
   449   29.656962    0.001653
   450   28.420235    0.001959
   451   27.223184    0.002317
   452   26.065277    0.002735
   453   24.945935    0.003223
   454   23.864538    0.003792
   455   22.820432    0.004451
   456   21.812926    0.005211
   457   20.841305    0.006087
   458   19.904827    0.007103
   459   19.002729    0.008287
   460   18.134231    0.009670
   461   17.298538    0.011285
   462   16.494843    0.013157
   463   15.722331    0.015315
   464   14.980178    0.017798
   465   14.267560    0.020659
   466   13.583647    0.023977
   467   12.927614    0.027838
   468   12.298633    0.032329
   469   11.695884    0.037529
   470   11.118551    0.043514
   471   10.565826    0.050395
   472   10.036908    0.058334
   473    9.531008    0.067509
   474    9.047345    0.078127
   475    8.585154    0.090405
   476    8.143678    0.104531
   477    7.722176    0.120709
   478    7.319923    0.139151
   479    6.936205    0.160119
   480    6.570327    0.183948
   481    6.221607    0.211055
   482    5.889382    0.241825
   483    5.573003    0.276830
   484    5.271839    0.316579
   485    4.985276    0.361504
   486    4.712717    0.412175
   487    4.453583    0.469066
   488    4.207309    0.532698
   489    3.973351    0.603848
   490    3.751179    0.683172
   491    3.540283    0.771609
   492    3.340166    0.870038
   493    3.150351    0.979270
   494    2.970376    1.100329
   495    2.799794    1.234040
   496    2.638176    1.381624
   497    2.485108    1.544003
   498    2.340190    1.722020
   499    2.203039    1.916867
   500    2.073285    2.129744
   501    1.950574    2.362086
   502    1.834565    2.615676
   503    1.724930    2.891626
   504    1.621356    3.191284
   505    1.523542    3.515412
   506    1.431200    3.864871
   507    1.344053    4.240292
   508    1.261838    4.641914
   509    1.184302    5.070740
   510    1.111203    5.528801
   511    1.042310    6.022151
   512    0.977404    6.559021
   513    0.916274    7.149284
   514    0.858719    7.799316
   515    0.804547    8.509053
   516    0.753577    9.270602
   517    0.705635   10.071549
   518    0.660555   10.898748
   519    0.618181   11.742120
   520    0.578362   12.596811
   521    0.540956   13.462958
   522    0.505828   14.341958
   523    0.472850   15.236212
   524    0.441899   16.146397
   525    0.412860   17.074113
   526    0.385624   18.019735
   527    0.360086   18.981485
   528    0.336148   19.958379
   529    0.313716   20.945144
   530    0.292701   21.935321
   531    0.273021   22.925102
   532    0.254596   23.908092
   533    0.237351   24.883988
   534    0.221215   25.850319
   535    0.206121   26.803763
   536    0.192007   27.739766
   537    0.178812   28.648564
   538    0.166480   29.522274
   539    0.154958   30.352655
   540    0.144196   31.136095
   541    0.134146   31.871197
   542    0.124765   32.555925
   543    0.116010   33.182672
   544    0.107841   33.744205
   545    0.100222   34.234737
   546    0.093118   34.650205
   547    0.086495   34.989829
   548    0.080323   35.243812
   549    0.074573   35.411217
   550    0.069217   35.488738
   551    0.064229   35.468194
   552    0.059586   35.359725
   553    0.055265   35.157526
   554    0.051244   34.871728
   555    0.047505   34.501918
   556    0.044027   34.053216
   557    0.040794   33.508885
   558    0.037789   32.886589
   559    0.034997   32.172574
   560    0.032403   31.366623
   561    0.029994   30.499232
   562    0.027758   29.577402
   563    0.025682   28.616716
   564    0.023756   27.630232
   565    0.021969   26.619558
   566    0.020311   25.568237
   567    0.018774   24.489012
   568    0.017349   23.389978
   569    0.016029   22.288916
   570    0.014806   21.202929
   571    0.013672   20.133040
   572    0.012623   19.077779
   573    0.011651   18.030891
   574    0.010752   16.989184
   575    0.009920   15.967506
   576    0.009150   14.977804
   577    0.008438   14.038490
   578    0.007779   13.159942
   579    0.007170   12.335113
   580    0.006608   11.554858
   581    0.006088   10.807236
   582    0.005607   10.089067
   583    0.005164    9.406686
   584    0.004754    8.768407
   585    0.004376    8.178051
   586    0.004027    7.631018
   587    0.003706    7.125647
   588    0.003409    6.670170
   589    0.003135    6.281768
   590    0.002882    5.977426
   591    0.002650    5.762777
   592    0.002435    5.630140
   593    0.002237    5.561987
   594    0.002055    5.543530
   595    0.001888    5.562461
   596    0.001733    5.618531
   597    0.001591    5.714269
   598    0.001461    5.856391
   599    0.001340    6.049079
   600    0.001230    6.299917
   601    0.001128    6.612395
   602    0.001034    6.987022
   603    0.000948    7.422821
   604    0.000869    7.915775
   605    0.000797    8.463045
   606    0.000730    9.065651
   607    0.000669    9.730523
   608    0.000612   10.459251
   609    0.000561   11.256349
   610    0.000513   12.126100
   611    0.000470   13.069737
   612    0.000430   14.091442
   613    0.000393   15.196008
   614    0.000360   16.391204
   615    0.000329   17.683187
   616    0.000301   19.085739
   617    0.000275   20.602630
   618    0.000251   22.247505
   619    0.000230   24.028250
   620    0.000210   25.965328
   621    0.000192   28.058353
   622    0.000175   30.326609
   623    0.000160   32.770794
   624    0.000146   35.403129
   625    0.000133   38.237508
   626    0.000121   41.289490
   627    0.000111   44.576483
   628    0.000101   48.103487
   629    0.000092   51.911165
   630    0.000084   56.005193
   631    0.000077   60.416466
   632    0.000070   65.158049
   633    0.000064   70.278815
   634    0.000058   75.784455
   635    0.000053   81.714450
   636    0.000048   88.136596
   637    0.000044   95.046054
   638    0.000040  102.512603
   639    0.000036  110.572250
   640    0.000033  119.282295
   641    0.000030  128.713866
   642    0.000027  138.921950
   643    0.000025  149.937084
   644    0.000023  161.850416
   645    0.000020  174.720170
   646    0.000019  188.586439
   647    0.000017  203.507670
   648    0.000015  219.538791
   649    0.000014  236.788069
#CDM-nucleon cross sections[pb]:
   201 5.233159E-10 #proton SI
   202 0.000000E+00 #proton SD
   203 5.725673E-10 #neutron SI
   204 0.000000E+00 #neutron SD
