BLOCK DarkMatter
   1   4.949165E-02   #dark matter relick densisty
   2   4.134640E-01   #ratio omega_N/omega_0
   100 0.246064 # ~N1 ~N1 -> h2 Z
   101 0.209076 # ~N1 ~N1 -> h2 h2
   102 0.188100 # ~N1 ~N1 -> Wm Wp
   103 0.101492 # ~N1 ~N1 -> Z Z
   104 0.089586 # ~N1 ~N1 -> nu4 nu4
   105 0.071791 # ~N1 ~N1 -> h1 Z
   106 0.043705 # ~N1 ~N1 -> u3 U3
   107 0.028999 # ~N1 ~N1 -> h1 h2
   301  1.636989E+02  #Dark Matter Mass (GeV)
   302  2.977881E-26  #SigmaV=[cm^3/s]
   401  163.698884    0.000216
   402  163.032746    0.000000
   403  161.821762    0.000000
   404  160.266953    0.000000
   405  158.445064    0.000000
   406  156.403594    0.000000
   407  154.176886    0.000000
   408  151.791917    0.000000
   409  149.270979    0.000001
   410  146.633122    0.000014
   411  143.895005    0.000014
   412  141.071438    0.000015
   413  138.175742    0.000016
   414  135.220005    0.000016
   415  132.215261    0.000018
   416  129.171633    0.000019
   417  126.098432    0.000020
   418  123.004246    0.000023
   419  119.897003    0.000026
   420  116.784025    0.000029
   421  113.672078    0.000033
   422  110.567408    0.000037
   423  107.475776    0.000041
   424  104.402488    0.000047
   425  101.352423    0.000053
   426   98.330055    0.000061
   427   95.339479    0.000070
   428   92.384426    0.000080
   429   89.468289    0.000093
   430   86.594136    0.000108
   431   83.764728    0.000125
   432   80.982537    0.000146
   433   78.249760    0.000170
   434   75.568334    0.000199
   435   72.939951    0.000233
   436   70.366070    0.000274
   437   67.847932    0.000322
   438   65.386571    0.000378
   439   62.982827    0.000445
   440   60.637359    0.000524
   441   58.350653    0.000616
   442   56.123035    0.000725
   443   53.954684    0.000852
   444   51.845637    0.001000
   445   49.795800    0.001174
   446   47.804964    0.001376
   447   45.872802    0.001612
   448   43.998890    0.001886
   449   42.182705    0.002206
   450   40.423641    0.002578
   451   38.721011    0.003009
   452   37.074057    0.003508
   453   35.481956    0.004084
   454   33.943827    0.004749
   455   32.458737    0.005515
   456   31.025707    0.006397
   457   29.643718    0.007411
   458   28.311714    0.008577
   459   27.028611    0.009902
   460   25.793300    0.011434
   461   24.604648    0.013188
   462   23.461510    0.015191
   463   22.362723    0.017479
   464   21.307120    0.020086
   465   20.293524    0.023056
   466   19.320758    0.026438
   467   18.387646    0.030281
   468   17.493012    0.034642
   469   16.635690    0.039580
   470   15.814518    0.045191
   471   15.028347    0.051515
   472   14.276038    0.058680
   473   13.556469    0.066749
   474   12.868530    0.075847
   475   12.211130    0.086103
   476   11.583194    0.097616
   477   10.983670    0.110561
   478   10.411523    0.125049
   479    9.865741    0.141277
   480    9.345332    0.159423
   481    8.849330    0.179664
   482    8.376787    0.202220
   483    7.926784    0.227317
   484    7.498422    0.255204
   485    7.090829    0.286215
   486    6.703154    0.320678
   487    6.334572    0.358850
   488    5.984284    0.401156
   489    5.651512    0.447901
   490    5.335506    0.499490
   491    5.035536    0.556408
   492    4.750900    0.619126
   493    4.480915    0.688265
   494    4.224927    0.764432
   495    3.982299    0.848170
   496    3.752421    0.940181
   497    3.534704    1.041089
   498    3.328579    1.151577
   499    3.133502    1.272245
   500    2.948946    1.403729
   501    2.774407    1.546583
   502    2.609401    1.701542
   503    2.453461    1.869191
   504    2.306142    2.050456
   505    2.167016    2.246393
   506    2.035673    2.458292
   507    1.911719    2.687432
   508    1.794780    2.934547
   509    1.684496    3.200684
   510    1.580524    3.486195
   511    1.482535    3.791650
   512    1.390215    4.117433
   513    1.303266    4.463899
   514    1.221402    4.831550
   515    1.144351    5.220783
   516    1.071854    5.632152
   517    1.003663    6.065425
   518    0.939544    6.521283
   519    0.879272    6.999694
   520    0.822635    7.501794
   521    0.769431    8.027900
   522    0.719466    8.578653
   523    0.672559    9.154544
   524    0.628537    9.755444
   525    0.587234   10.380917
   526    0.548494   11.029884
   527    0.512170   11.700287
   528    0.478121   12.390074
   529    0.446215   13.096110
   530    0.416325   13.815595
   531    0.388333   14.545787
   532    0.362126   15.283501
   533    0.337597   16.024179
   534    0.314646   16.763968
   535    0.293178   17.498150
   536    0.273102   18.222082
   537    0.254334   18.932935
   538    0.236793   19.627121
   539    0.220405   20.302860
   540    0.205097   20.958797
   541    0.190803   21.595582
   542    0.177460   22.208338
   543    0.165007   22.794833
   544    0.153389   23.353099
   545    0.142552   23.876940
   546    0.132447   24.365088
   547    0.123027   24.817058
   548    0.114248   25.231386
   549    0.106069   25.604641
   550    0.098451   25.935933
   551    0.091357   26.220468
   552    0.084752   26.451825
   553    0.078606   26.626677
   554    0.072888   26.740609
   555    0.067568   26.789257
   556    0.062622   26.775887
   557    0.058023   26.700517
   558    0.053749   26.557482
   559    0.049778   26.356844
   560    0.046089   26.092132
   561    0.042662   25.763046
   562    0.039481   25.380310
   563    0.036529   24.936827
   564    0.033789   24.440993
   565    0.031247   23.902205
   566    0.028889   23.318105
   567    0.026703   22.696561
   568    0.024677   22.040506
   569    0.022799   21.355647
   570    0.021059   20.646436
   571    0.019447   19.916865
   572    0.017954   19.172059
   573    0.016572   18.416831
   574    0.015293   17.656822
   575    0.014109   16.894727
   576    0.013014   16.137281
   577    0.012001   15.390122
   578    0.011064   14.655876
   579    0.010199   13.941582
   580    0.009398   13.247376
   581    0.008659   12.578397
   582    0.007976   11.936333
   583    0.007345   11.330495
   584    0.006762   10.759146
   585    0.006225   10.231055
   586    0.005729    9.746844
   587    0.005271    9.308741
   588    0.004848    8.918747
   589    0.004459    8.576853
   590    0.004100    8.284936
   591    0.003769    8.045719
   592    0.003463    7.861012
   593    0.003182    7.732863
   594    0.002923    7.663619
   595    0.002685    7.652755
   596    0.002465    7.701458
   597    0.002263    7.810706
   598    0.002077    7.981784
   599    0.001906    8.215994
   600    0.001749    8.517192
   601    0.001604    8.891759
   602    0.001471    9.341281
   603    0.001349    9.865513
   604    0.001236   10.467491
   605    0.001133   11.146006
   606    0.001038   11.900493
   607    0.000951   12.737369
   608    0.000871   13.664466
   609    0.000798   14.689795
   610    0.000730   15.826065
   611    0.000668   17.078921
   612    0.000612   18.452130
   613    0.000559   19.954244
   614    0.000512   21.602485
   615    0.000468   23.402467
   616    0.000428   25.367234
   617    0.000391   27.517221
   618    0.000357   29.859789
   619    0.000327   32.406155
   620    0.000298   35.171418
   621    0.000273   38.178452
   622    0.000249   41.435951
   623    0.000227   44.980642
   624    0.000207   48.816427
   625    0.000189   52.989855
   626    0.000173   57.515225
   627    0.000158   62.434500
   628    0.000144   67.783754
   629    0.000131   73.632654
   630    0.000119   80.024050
   631    0.000109   86.994586
   632    0.000099   94.579263
   633    0.000090  102.810288
   634    0.000082  111.796261
   635    0.000075  121.587789
   636    0.000068  132.254052
   637    0.000062  143.874967
   638    0.000057  156.533980
   639    0.000052  170.323509
   640    0.000047  185.351304
   641    0.000043  201.724823
   642    0.000039  219.546374
   643    0.000035  238.926222
   644    0.000032  259.952650
   645    0.000029  282.782386
   646    0.000026  307.554065
   647    0.000024  334.477578
   648    0.000022  363.711730
   649    0.000020  395.411529
#CDM-nucleon cross sections[pb]:
   201 7.450968E-10 #proton SI
   202 1.325727E-03 #proton SD
   203 5.888826E-10 #neutron SI
   204 1.013642E-03 #neutron SD
