BLOCK DarkMatter
   1   5.343594E-02   #dark matter relick densisty
   2   4.464156E-01   #ratio omega_N/omega_0
   100 0.270221 # ~N1 ~N1 -> h2 Z
   101 0.229415 # ~N1 ~N1 -> h2 h2
   102 0.205519 # ~N1 ~N1 -> Wm Wp
   103 0.110742 # ~N1 ~N1 -> Z Z
   104 0.079950 # ~N1 ~N1 -> h1 Z
   105 0.044500 # ~N1 ~N1 -> u3 U3
   106 0.034039 # ~N1 ~N1 -> h1 h2
   301  1.634219E+02  #Dark Matter Mass (GeV)
   302  2.402411E-26  #SigmaV=[cm^3/s]
   401  163.421943    0.000265
   402  162.756932    0.000000
   403  161.547997    0.000000
   404  159.995818    0.000000
   405  158.177011    0.000000
   406  156.138995    0.000000
   407  153.916054    0.000000
   408  151.535120    0.000000
   409  149.018446    0.000001
   410  146.385052    0.000060
   411  143.651568    0.000060
   412  140.832778    0.000061
   413  137.941981    0.000062
   414  134.991244    0.000063
   415  131.991583    0.000065
   416  128.953104    0.000066
   417  125.885103    0.000069
   418  122.796151    0.000072
   419  119.694165    0.000076
   420  116.586453    0.000080
   421  113.479771    0.000085
   422  110.380353    0.000091
   423  107.293951    0.000097
   424  104.225863    0.000105
   425  101.180958    0.000114
   426   98.163703    0.000125
   427   95.178186    0.000137
   428   92.228133    0.000152
   429   89.316930    0.000170
   430   86.447639    0.000190
   431   83.623017    0.000215
   432   80.845533    0.000244
   433   78.117379    0.000279
   434   75.440490    0.000320
   435   72.816553    0.000368
   436   70.247027    0.000426
   437   67.733149    0.000494
   438   65.275952    0.000574
   439   62.876275    0.000669
   440   60.534774    0.000780
   441   58.251937    0.000911
   442   56.028088    0.001065
   443   53.863405    0.001245
   444   51.757926    0.001456
   445   49.711557    0.001702
   446   47.724089    0.001990
   447   45.795196    0.002326
   448   43.924454    0.002717
   449   42.111341    0.003173
   450   40.355253    0.003703
   451   38.655504    0.004320
   452   37.011336    0.005035
   453   35.421929    0.005863
   454   33.886402    0.006764
   455   32.403825    0.007868
   456   30.973219    0.009199
   457   29.593567    0.010669
   458   28.263817    0.012364
   459   26.982885    0.014258
   460   25.749664    0.016495
   461   24.563023    0.019071
   462   23.421818    0.022015
   463   22.324891    0.025398
   464   21.271073    0.029261
   465   20.259192    0.033682
   466   19.288072    0.038733
   467   18.356538    0.044493
   468   17.463418    0.051055
   469   16.607546    0.058516
   470   15.787763    0.067019
   471   15.002922    0.076644
   472   14.251887    0.087585
   473   13.533535    0.099961
   474   12.846759    0.113967
   475   12.190471    0.129810
   476   11.563598    0.147671
   477   10.965088    0.167821
   478   10.393909    0.190465
   479    9.849050    0.215917
   480    9.329522    0.244476
   481    8.834358    0.276450
   482    8.362616    0.312209
   483    7.913374    0.352138
   484    7.485737    0.396658
   485    7.078833    0.446307
   486    6.691813    0.501627
   487    6.323855    0.563082
   488    5.974160    0.631355
   489    5.641951    0.706988
   490    5.326479    0.790661
   491    5.027017    0.883168
   492    4.742862    0.985297
   493    4.473335    1.098041
   494    4.217779    1.222375
   495    3.975562    1.359227
   496    3.746073    1.509719
   497    3.528724    1.674890
   498    3.322948    1.855864
   499    3.128201    2.053666
   500    2.943957    2.269388
   501    2.769714    2.504053
   502    2.604986    2.758960
   503    2.449311    3.035315
   504    2.302241    3.334822
   505    2.163350    3.659423
   506    2.032229    4.011329
   507    1.908485    4.392696
   508    1.791744    4.804898
   509    1.681647    5.249571
   510    1.577850    5.727404
   511    1.480027    6.239278
   512    1.387863    6.785825
   513    1.301061    7.367639
   514    1.219336    7.985479
   515    1.142415    8.639988
   516    1.070040    9.332010
   517    1.001965   10.061416
   518    0.937954   10.829204
   519    0.877784   11.635429
   520    0.821243   12.481480
   521    0.768129   13.367722
   522    0.718249   14.294815
   523    0.671422   15.263143
   524    0.627473   16.272239
   525    0.586240   17.321189
   526    0.547566   18.408326
   527    0.511304   19.530676
   528    0.477312   20.685048
   529    0.445460   21.866803
   530    0.415621   23.071466
   531    0.387676   24.294503
   532    0.361513   25.530498
   533    0.337026   26.772628
   534    0.314114   28.014876
   535    0.292682   29.250112
   536    0.272640   30.471556
   537    0.253903   31.674233
   538    0.236393   32.852430
   539    0.220032   34.002505
   540    0.204750   35.121274
   541    0.190481   36.207746
   542    0.177160   37.254152
   543    0.164728   38.256052
   544    0.153129   39.209333
   545    0.142311   40.104371
   546    0.132223   40.938203
   547    0.122819   41.708587
   548    0.114055   42.412063
   549    0.105890   43.042898
   550    0.098284   43.599519
   551    0.091202   44.072669
   552    0.084609   44.454189
   553    0.078473   44.739159
   554    0.072764   44.921315
   555    0.067454   44.993898
   556    0.062516   44.961341
   557    0.057925   44.823369
   558    0.053658   44.572789
   559    0.049694   44.222748
   560    0.046011   43.765357
   561    0.042590   43.197834
   562    0.039415   42.541300
   563    0.036467   41.785937
   564    0.033732   40.940362
   565    0.031194   40.020186
   566    0.028841   39.022109
   567    0.026658   37.960557
   568    0.024635   36.837199
   569    0.022760   35.667037
   570    0.021023   34.453272
   571    0.019414   33.204546
   572    0.017924   31.928013
   573    0.016544   30.634277
   574    0.015267   29.330685
   575    0.014085   28.022203
   576    0.012992   26.722549
   577    0.011981   25.438587
   578    0.011046   24.173240
   579    0.010181   22.940425
   580    0.009382   21.739262
   581    0.008644   20.578063
   582    0.007962   19.460785
   583    0.007333   18.400220
   584    0.006751   17.394014
   585    0.006214   16.455821
   586    0.005719   15.587339
   587    0.005262   14.791571
   588    0.004840   14.071152
   589    0.004451   13.426567
   590    0.004093   12.859908
   591    0.003762   12.374814
   592    0.003458   11.972776
   593    0.003177   11.656557
   594    0.002919   11.428836
   595    0.002680   11.288946
   596    0.002461   11.238618
   597    0.002260   11.279068
   598    0.002074   11.411771
   599    0.001903   11.637921
   600    0.001746   11.962117
   601    0.001601   12.391592
   602    0.001469   12.928129
   603    0.001346   13.571053
   604    0.001234   14.323709
   605    0.001131   15.184096
   606    0.001036   16.151097
   607    0.000949   17.232277
   608    0.000869   18.437239
   609    0.000796   19.775790
   610    0.000729   21.263792
   611    0.000667   22.908452
   612    0.000610   24.714804
   613    0.000559   26.693549
   614    0.000511   28.865993
   615    0.000467   31.239384
   616    0.000427   33.830130
   617    0.000390   36.663605
   618    0.000357   39.749584
   619    0.000326   43.102714
   620    0.000298   46.742722
   621    0.000272   50.698572
   622    0.000248   54.981756
   623    0.000227   59.638514
   624    0.000207   64.675136
   625    0.000189   70.150127
   626    0.000172   76.083236
   627    0.000157   82.527034
   628    0.000143   89.527521
   629    0.000131   97.171742
   630    0.000119  105.513640
   631    0.000109  114.601015
   632    0.000099  124.478277
   633    0.000090  135.187452
   634    0.000082  146.864063
   635    0.000075  159.571662
   636    0.000068  173.399456
   637    0.000062  188.445567
   638    0.000057  204.816705
   639    0.000051  222.627961
   640    0.000047  242.014424
   641    0.000043  263.108851
   642    0.000039  286.039510
   643    0.000035  310.943297
   644    0.000032  337.930223
   645    0.000029  367.193486
   646    0.000026  398.902632
   647    0.000024  433.315387
   648    0.000022  470.627474
   649    0.000020  511.030380
#CDM-nucleon cross sections[pb]:
   201 7.126500E-10 #proton SI
   202 1.320014E-03 #proton SD
   203 5.593369E-10 #neutron SI
   204 1.009274E-03 #neutron SD
