BLOCK DarkMatter
   1   3.662549E-02   #dark matter relick densisty
   2   3.059774E-01   #ratio omega_N/omega_0
   100 0.333525 # ~N1 ~N1 -> nu4 nu4
   101 0.182249 # ~N1 ~N1 -> h2 Z
   102 0.155389 # ~N1 ~N1 -> h2 h2
   103 0.137443 # ~N1 ~N1 -> Wm Wp
   104 0.074096 # ~N1 ~N1 -> Z Z
   105 0.050956 # ~N1 ~N1 -> h1 Z
   106 0.030458 # ~N1 ~N1 -> u3 U3
   107 0.020466 # ~N1 ~N1 -> h1 h2
   301  1.635247E+02  #Dark Matter Mass (GeV)
   302  5.139266E-26  #SigmaV=[cm^3/s]
   401  163.524726    0.000123
   402  162.859297    0.000000
   403  161.649601    0.000000
   404  160.096446    0.000000
   405  158.276496    0.000000
   406  156.237198    0.000000
   407  154.012859    0.000000
   408  151.630427    0.000000
   409  149.112171    0.000000
   410  146.477120    0.000029
   411  143.741916    0.000029
   412  140.921353    0.000030
   413  138.028738    0.000030
   414  135.076145    0.000031
   415  132.074598    0.000032
   416  129.034208    0.000032
   417  125.964277    0.000033
   418  122.873383    0.000035
   419  119.769445    0.000037
   420  116.659780    0.000039
   421  113.551143    0.000041
   422  110.449776    0.000045
   423  107.361433    0.000049
   424  104.291415    0.000054
   425  101.244595    0.000060
   426   98.225442    0.000067
   427   95.238048    0.000075
   428   92.286139    0.000084
   429   89.373105    0.000095
   430   86.502009    0.000108
   431   83.675611    0.000122
   432   80.896380    0.000139
   433   78.166511    0.000160
   434   75.487937    0.000186
   435   72.862350    0.000216
   436   70.291208    0.000254
   437   67.775749    0.000299
   438   65.317006    0.000354
   439   62.915820    0.000420
   440   60.572847    0.000501
   441   58.288574    0.000600
   442   56.063327    0.000719
   443   53.897282    0.000863
   444   51.790478    0.001035
   445   49.742823    0.001242
   446   47.754104    0.001487
   447   45.823998    0.001779
   448   43.952079    0.002125
   449   42.137827    0.002534
   450   40.380634    0.003017
   451   38.679816    0.003583
   452   37.034614    0.004246
   453   35.444207    0.005020
   454   33.907714    0.005918
   455   32.424205    0.006959
   456   30.992699    0.008164
   457   29.612180    0.009554
   458   28.281593    0.011156
   459   26.999856    0.012966
   460   25.765859    0.015073
   461   24.578472    0.017487
   462   23.436549    0.020240
   463   22.338932    0.023384
   464   21.284451    0.026959
   465   20.271934    0.031024
   466   19.300203    0.035638
   467   18.368083    0.040872
   468   17.474401    0.046801
   469   16.617991    0.053508
   470   15.797693    0.061102
   471   15.012358    0.069667
   472   14.260850    0.079349
   473   13.542046    0.090260
   474   12.854839    0.102561
   475   12.198138    0.116425
   476   11.570871    0.132014
   477   10.971985    0.149547
   478   10.400447    0.169216
   479    9.855245    0.191286
   480    9.335390    0.216004
   481    8.839915    0.243651
   482    8.367875    0.274559
   483    7.918351    0.309062
   484    7.490445    0.347522
   485    7.083285    0.390397
   486    6.696022    0.438155
   487    6.327833    0.491251
   488    5.977917    0.550260
   489    5.645500    0.615714
   490    5.329829    0.688236
   491    5.030179    0.768532
   492    4.745845    0.857345
   493    4.476148    0.955531
   494    4.220432    1.063977
   495    3.978062    1.183583
   496    3.748429    1.315364
   497    3.530943    1.460337
   498    3.325038    1.619582
   499    3.130168    1.794166
   500    2.945809    1.985213
   501    2.771456    2.193842
   502    2.606625    2.421337
   503    2.450851    2.668970
   504    2.303689    2.938290
   505    2.164711    3.231000
   506    2.033507    3.548978
   507    1.909685    3.894120
   508    1.792871    4.267993
   509    1.682704    4.672346
   510    1.578842    5.108501
   511    1.480957    5.577876
   512    1.388736    6.081754
   513    1.301879    6.621397
   514    1.220103    7.198100
   515    1.143133    7.813053
   516    1.070713    8.467477
   517    1.002595    9.162083
   518    0.938544    9.898137
   519    0.878336   10.676311
   520    0.821760   11.497847
   521    0.768612   12.363405
   522    0.718701   13.273623
   523    0.671844   14.228918
   524    0.627868   15.229017
   525    0.586609   16.273256
   526    0.547911   17.360378
   527    0.511625   18.488253
   528    0.477613   19.654299
   529    0.445740   20.854993
   530    0.415882   22.086535
   531    0.387920   23.344856
   532    0.361741   24.625112
   533    0.337238   25.921546
   534    0.314311   27.228586
   535    0.292866   28.539825
   536    0.272811   29.848716
   537    0.254063   31.149243
   538    0.236541   32.434956
   539    0.220170   33.700690
   540    0.204879   34.939323
   541    0.190601   36.146695
   542    0.177271   37.314774
   543    0.164832   38.437067
   544    0.153225   39.507176
   545    0.142400   40.516551
   546    0.132306   41.460137
   547    0.122896   42.332817
   548    0.114127   43.129849
   549    0.105956   43.845382
   550    0.098346   44.474255
   551    0.091259   45.008707
   552    0.084662   45.441813
   553    0.078523   45.766495
   554    0.072810   45.977055
   555    0.067497   46.067480
   556    0.062555   46.037435
   557    0.057962   45.885709
   558    0.053692   45.609148
   559    0.049725   45.215519
   560    0.046040   44.703504
   561    0.042617   44.077294
   562    0.039439   43.351303
   563    0.036490   42.526238
   564    0.033753   41.613701
   565    0.031214   40.625814
   566    0.028859   39.567150
   567    0.026675   38.448866
   568    0.024651   37.278967
   569    0.022775   36.066643
   570    0.021036   34.817401
   571    0.019426   33.539455
   572    0.017935   32.240376
   573    0.016554   30.930178
   574    0.015277   29.618234
   575    0.014094   28.313806
   576    0.013000   27.029878
   577    0.011988   25.778133
   578    0.011053   24.565609
   579    0.010188   23.404618
   580    0.009388   22.300250
   581    0.008650   21.261327
   582    0.007967   20.292961
   583    0.007337   19.403707
   584    0.006755   18.593956
   585    0.006218   17.871419
   586    0.005722   17.233874
   587    0.005265   16.689442
   588    0.004843   16.237036
   589    0.004454   15.878126
   590    0.004095   15.615225
   591    0.003765   15.453188
   592    0.003460   15.396115
   593    0.003179   15.449457
   594    0.002920   15.618983
   595    0.002682   15.908181
   596    0.002463   16.321196
   597    0.002261   16.861249
   598    0.002075   17.530428
   599    0.001904   18.330169
   600    0.001747   19.262674
   601    0.001602   20.331469
   602    0.001470   21.538258
   603    0.001347   22.884904
   604    0.001235   24.377224
   605    0.001132   26.020932
   606    0.001037   27.824378
   607    0.000950   29.803010
   608    0.000870   31.974248
   609    0.000797   34.356864
   610    0.000729   36.973477
   611    0.000668   39.841208
   612    0.000611   42.976033
   613    0.000559   46.395239
   614    0.000511   50.120522
   615    0.000467   54.167824
   616    0.000427   58.557441
   617    0.000391   63.317927
   618    0.000357   68.471327
   619    0.000326   74.046665
   620    0.000298   80.077256
   621    0.000272   86.604931
   622    0.000249   93.664328
   623    0.000227  101.305651
   624    0.000207  109.558155
   625    0.000189  118.473667
   626    0.000173  128.082111
   627    0.000157  138.426087
   628    0.000144  149.540551
   629    0.000131  161.478483
   630    0.000119  174.281114
   631    0.000109  187.987517
   632    0.000099  202.653022
   633    0.000090  218.348430
   634    0.000082  235.205730
   635    0.000075  253.345199
   636    0.000068  272.914462
   637    0.000062  294.079979
   638    0.000057  317.009106
   639    0.000051  341.862743
   640    0.000047  368.785271
   641    0.000043  397.885922
   642    0.000039  429.247276
   643    0.000035  462.927457
   644    0.000032  498.963988
   645    0.000029  537.465738
   646    0.000026  578.591437
   647    0.000024  622.625220
   648    0.000022  669.930302
   649    0.000020  720.992069
#CDM-nucleon cross sections[pb]:
   201 7.361546E-10 #proton SI
   202 1.322511E-03 #proton SD
   203 5.813230E-10 #neutron SI
   204 1.011183E-03 #neutron SD
