BLOCK DarkMatter
   1   7.205968E-02   #dark matter relick densisty
   2   6.020024E-01   #ratio omega_N/omega_0
   100 0.381867 # ~nI1 ~nI1 -> Wm Wp
   101 0.172836 # ~nI1 ~nI1 -> Z Z
   102 0.147508 # ~nI1 ~nI1 -> h1 h2
   103 0.074476 # ~nI1 ~nI1 -> h2 h2
   104 0.035436 # ~N1 ~N1 -> h2 h2
   105 0.033317 # ~nI1 ~N1 -> Z nu4
   106 0.033250 # ~N1 ~N1 -> h2 Z
   107 0.025449 # ~nI1 ~N1 -> h1 nu4
   108 0.023752 # ~N1 ~N1 -> Wm Wp
   109 0.017722 # ~nI1 ~N1 -> h2 nu4
   110 0.012472 # ~N1 ~N1 -> Z Z
   111 0.011712 # ~nI1 ~nI1 -> h1 h1
   112 0.010857 # ~N1 ~N1 -> u3 U3
   301  1.574963E+02  #Dark Matter Mass (GeV)
   302  4.674283E-26  #SigmaV=[cm^3/s]
   401  157.496326    0.000026
   402  156.855428    0.000000
   403  155.690328    0.000000
   404  154.194431    0.000000
   405  152.441574    0.000000
   406  150.477455    0.000000
   407  148.335117    0.000000
   408  146.040514    0.000000
   409  143.615095    0.000001
   410  141.077186    0.000001
   411  138.442817    0.000002
   412  135.726235    0.000003
   413  132.940257    0.000004
   414  130.096513    0.000044
   415  127.205619    0.000045
   416  124.277314    0.000092
   417  121.320557    0.000094
   418  118.343610    0.000097
   419  115.354100    0.000101
   420  112.359073    0.000107
   421  109.365038    0.000112
   422  106.378004    0.000119
   423  103.403514    0.000126
   424  100.446673    0.000135
   425   97.512175    0.000145
   426   94.604325    0.000156
   427   91.727062    0.000170
   428   88.883976    0.000186
   429   86.078332    0.000205
   430   83.313080    0.000228
   431   80.590879    0.000255
   432   77.914105    0.000286
   433   75.284873    0.000324
   434   72.705046    0.000369
   435   70.176253    0.000421
   436   67.699896    0.000483
   437   65.277171    0.000556
   438   62.909071    0.000643
   439   60.596405    0.000744
   440   58.339807    0.000864
   441   56.139744    0.001004
   442   53.996531    0.001168
   443   51.910339    0.001361
   444   49.881203    0.001585
   445   47.909035    0.001848
   446   45.993631    0.002154
   447   44.134680    0.002471
   448   42.331770    0.002923
   449   40.584400    0.003405
   450   38.891987    0.003963
   451   37.253870    0.004575
   452   35.669319    0.005356
   453   34.137543    0.006154
   454   32.657694    0.007198
   455   31.228874    0.008351
   456   29.850142    0.009648
   457   28.520516    0.011180
   458   27.238982    0.012947
   459   26.004496    0.014967
   460   24.815991    0.017296
   461   23.672377    0.019968
   462   22.572552    0.023027
   463   21.515399    0.026529
   464   20.499792    0.030533
   465   19.524601    0.035104
   466   18.588694    0.040325
   467   17.690937    0.046279
   468   16.830201    0.053063
   469   16.005363    0.060776
   470   15.215305    0.069576
   471   14.458922    0.079540
   472   13.735119    0.090868
   473   13.042814    0.103661
   474   12.380941    0.118166
   475   11.748449    0.134591
   476   11.144307    0.153085
   477   10.567499    0.173973
   478   10.017030    0.197464
   479    9.491928    0.223911
   480    8.991237    0.253575
   481    8.514028    0.286805
   482    8.059390    0.323980
   483    7.626438    0.365505
   484    7.214307    0.411842
   485    6.822157    0.463555
   486    6.449171    0.521205
   487    6.094555    0.585315
   488    5.757539    0.656654
   489    5.437376    0.735781
   490    5.133343    0.823481
   491    4.844739    0.920640
   492    4.570888    1.028054
   493    4.311133    1.146885
   494    4.064844    1.278018
   495    3.831410    1.422572
   496    3.610242    1.581637
   497    3.400774    1.756288
   498    3.202459    1.947822
   499    3.014773    2.157093
   500    2.837210    2.385514
   501    2.669285    2.634164
   502    2.510531    2.904398
   503    2.360500    3.197371
   504    2.218763    3.514890
   505    2.084908    3.858679
   506    1.958541    4.231091
   507    1.839284    4.634464
   508    1.726776    5.070708
   509    1.620671    5.541950
   510    1.520638    6.049611
   511    1.426361    6.594557
   512    1.337540    7.177649
   513    1.253885    7.799421
   514    1.175123    8.460246
   515    1.100991    9.160410
   516    1.031241    9.901118
   517    0.965634   10.681673
   518    0.903944   11.503240
   519    0.845956   12.365813
   520    0.791465   13.270793
   521    0.740277   14.218197
   522    0.692206   15.208464
   523    0.647076   16.241417
   524    0.604722   17.316239
   525    0.564983   18.431806
   526    0.527712   19.585534
   527    0.492764   20.773405
   528    0.460005   21.992257
   529    0.429308   23.236357
   530    0.400551   24.500837
   531    0.373619   25.780803
   532    0.348405   27.070960
   533    0.324806   28.365354
   534    0.302724   29.656901
   535    0.282069   30.941614
   536    0.262754   32.214291
   537    0.244697   33.467186
   538    0.227821   34.696126
   539    0.212054   35.896264
   540    0.197326   37.061565
   541    0.183574   38.188941
   542    0.170736   39.270692
   543    0.158755   40.298744
   544    0.147577   41.272702
   545    0.137151   42.178000
   546    0.127428   43.017511
   547    0.118366   43.786446
   548    0.109919   44.481083
   549    0.102050   45.097510
   550    0.094720   45.632938
   551    0.087895   46.078525
   552    0.081541   46.434858
   553    0.075628   46.688417
   554    0.070126   46.834668
   555    0.065008   46.870545
   556    0.060249   46.796206
   557    0.055825   46.607398
   558    0.051713   46.297217
   559    0.047892   45.883199
   560    0.044342   45.353927
   561    0.041046   44.709982
   562    0.037986   43.974361
   563    0.035145   43.128373
   564    0.032509   42.202223
   565    0.030063   41.191784
   566    0.027795   40.107200
   567    0.025692   38.957398
   568    0.023742   37.753197
   569    0.021935   36.498972
   570    0.020261   35.206963
   571    0.018710   33.882312
   572    0.017274   32.538027
   573    0.015944   31.181374
   574    0.014713   29.820088
   575    0.013575   28.464411
   576    0.012521   27.123646
   577    0.011546   25.804744
   578    0.010645   24.517026
   579    0.009812   23.266464
   580    0.009042   22.054438
   581    0.008331   20.894371
   582    0.007674   19.779528
   583    0.007067   18.729455
   584    0.006506   17.741861
   585    0.005989   16.826344
   586    0.005511   15.985964
   587    0.005071   15.227717
   588    0.004665   14.553860
   589    0.004290   13.964887
   590    0.003944   13.462161
   591    0.003626   13.049225
   592    0.003332   12.725738
   593    0.003062   12.496652
   594    0.002813   12.362499
   595    0.002583   12.325305
   596    0.002372   12.386203
   597    0.002178   12.548094
   598    0.001999   12.811858
   599    0.001834   13.179981
   600    0.001683   13.659158
   601    0.001543   14.254401
   602    0.001415   14.970175
   603    0.001298   15.804839
   604    0.001189   16.765180
   605    0.001090   17.850842
   606    0.000999   19.062470
   607    0.000915   20.408454
   608    0.000838   21.902027
   609    0.000767   23.548172
   610    0.000702   25.372438
   611    0.000643   27.381061
   612    0.000588   29.582653
   613    0.000538   31.986408
   614    0.000492   34.630306
   615    0.000450   37.517661
   616    0.000412   40.671221
   617    0.000376   44.121976
   618    0.000344   47.882326
   619    0.000314   51.965804
   620    0.000287   56.404086
   621    0.000262   61.230036
   622    0.000239   66.444769
   623    0.000219   72.112877
   624    0.000200   78.242298
   625    0.000182   84.917954
   626    0.000166   92.180391
   627    0.000152  100.081391
   628    0.000138  108.680433
   629    0.000126  118.088891
   630    0.000115  128.353066
   631    0.000105  139.559245
   632    0.000095  151.727321
   633    0.000087  164.913688
   634    0.000079  179.318956
   635    0.000072  194.974854
   636    0.000066  212.055830
   637    0.000060  230.622481
   638    0.000054  250.881380
   639    0.000050  272.945031
   640    0.000045  297.024475
   641    0.000041  323.273027
   642    0.000037  351.872787
   643    0.000034  382.999465
   644    0.000031  416.801454
   645    0.000028  453.542595
   646    0.000025  493.406307
   647    0.000023  536.758321
   648    0.000021  583.852429
   649    0.000019  635.010629
#CDM-nucleon cross sections[pb]:
   201 5.798422E-09 #proton SI
   202 0.000000E+00 #proton SD
   203 6.182600E-09 #neutron SI
   204 0.000000E+00 #neutron SD
