BLOCK DarkMatter
   1   7.987799E-01   #dark matter relick densisty
   2   6.673182E+00   #ratio omega_N/omega_0
   100 0.767359 # ~nR1 ~nR1 -> h1 h1
   101 0.082308 # ~nR1 ~nR1 -> Wm Wp
   102 0.069774 # ~nR1 ~nR1 -> nu4 nu4
   103 0.041051 # ~nR1 ~nR1 -> h1 h2
   104 0.034727 # ~nR1 ~nR1 -> Z Z
   301  1.171807E+02  #Dark Matter Mass (GeV)
   302  2.381546E-27  #SigmaV=[cm^3/s]
   401  117.180653    0.000004
   402  116.703811    0.000000
   403  115.836952    0.000000
   404  114.723972    0.000000
   405  113.419809    0.000000
   406  111.958462    0.000000
   407  110.364517    0.000000
   408  108.657283    0.000000
   409  106.852718    0.000000
   410  104.964460    0.000000
   411  103.004433    0.000000
   412  100.983237    0.000000
   413   98.910410    0.000001
   414   96.794603    0.000001
   415   94.643716    0.000001
   416   92.464994    0.000002
   417   90.265103    0.000002
   418   88.050191    0.000003
   419   85.825931    0.000003
   420   83.597566    0.000004
   421   81.369940    0.000005
   422   79.147522    0.000006
   423   76.934438    0.000007
   424   74.734484    0.000008
   425   72.551155    0.000010
   426   70.387652    0.000012
   427   68.246906    0.000157
   428   66.131590    0.000162
   429   64.044130    0.000168
   430   61.986723    0.000176
   431   59.961347    0.000186
   432   57.969769    0.000199
   433   56.013564    0.000214
   434   54.094118    0.000233
   435   52.212641    0.000256
   436   50.370179    0.000285
   437   48.567618    0.000321
   438   46.805701    0.000223
   439   45.085028    0.000274
   440   43.406071    0.000334
   441   41.769177    0.000408
   442   40.174580    0.000496
   443   38.622408    0.000601
   444   37.112688    0.000725
   445   35.645352    0.000871
   446   34.220251    0.001045
   447   32.837151    0.001251
   448   31.495747    0.001495
   449   30.195666    0.001781
   450   28.936475    0.002116
   451   27.717680    0.002507
   452   26.538740    0.002963
   453   25.399066    0.003496
   454   24.298026    0.004115
   455   23.234954    0.004832
   456   22.209147    0.005665
   457   21.219877    0.006635
   458   20.266388    0.007767
   459   19.347904    0.009085
   460   18.463631    0.010616
   461   17.612758    0.012388
   462   16.794464    0.014442
   463   16.007919    0.016823
   464   15.252286    0.019586
   465   14.526723    0.022795
   466   13.830388    0.026524
   467   13.162437    0.030855
   468   12.522032    0.035869
   469   11.908334    0.041671
   470   11.320514    0.048375
   471   10.757749    0.056129
   472   10.219224    0.065125
   473    9.704134    0.075554
   474    9.211686    0.087616
   475    8.741099    0.101521
   476    8.291604    0.117498
   477    7.862446    0.135818
   478    7.452886    0.156783
   479    7.062198    0.180741
   480    6.689674    0.208056
   481    6.334620    0.239230
   482    5.996360    0.274711
   483    5.674234    0.315019
   484    5.367599    0.360740
   485    5.075831    0.412430
   486    4.798322    0.470751
   487    4.534480    0.536387
   488    4.283733    0.610035
   489    4.045525    0.692533
   490    3.819318    0.784686
   491    3.604590    0.887504
   492    3.400839    1.001943
   493    3.207576    1.129096
   494    3.024331    1.270124
   495    2.850651    1.426181
   496    2.686098    1.598358
   497    2.530249    1.787912
   498    2.382699    1.996090
   499    2.243056    2.224282
   500    2.110946    2.473928
   501    1.986005    2.746474
   502    1.867889    3.043502
   503    1.756262    3.366538
   504    1.650807    3.717007
   505    1.551216    4.096129
   506    1.457197    4.505020
   507    1.368467    4.944642
   508    1.284759    5.416454
   509    1.205814    5.923082
   510    1.131387    6.468420
   511    1.061243    7.058658
   512    0.995158    7.700995
   513    0.932917    8.401999
   514    0.874317    9.165863
   515    0.819161    9.992676
   516    0.767265   10.877370
   517    0.718452   11.811444
   518    0.672554   12.784542
   519    0.629410   13.786510
   520    0.588867   14.808924
   521    0.550782   15.848090
   522    0.515016   16.902430
   523    0.481439   17.972979
   524    0.449926   19.060962
   525    0.420360   20.167565
   526    0.392629   21.293129
   527    0.366627   22.436826
   528    0.342254   23.596133
   529    0.319414   24.766841
   530    0.298018   25.943806
   531    0.277981   27.122000
   532    0.259221   28.296544
   533    0.241662   29.463126
   534    0.225233   30.617909
   535    0.209865   31.755377
   536    0.195495   32.870276
   537    0.182060   33.954313
   538    0.169504   34.999752
   539    0.157773   35.999182
   540    0.146815   36.946079
   541    0.136583   37.835344
   542    0.127031   38.661581
   543    0.118117   39.418036
   544    0.109800   40.100420
   545    0.102043   40.702324
   546    0.094810   41.216525
   547    0.088066   41.638556
   548    0.081782   41.961695
   549    0.075927   42.183086
   550    0.070474   42.298048
   551    0.065396   42.303500
   552    0.060668   42.201327
   553    0.056269   41.990756
   554    0.052175   41.677165
   555    0.048368   41.259871
   556    0.044827   40.742815
   557    0.041535   40.121839
   558    0.038475   39.397856
   559    0.035632   38.571931
   560    0.032992   37.651673
   561    0.030539   36.647990
   562    0.028262   35.574498
   563    0.026148   34.447478
   564    0.024187   33.276426
   565    0.022368   32.066186
   566    0.020680   30.820778
   567    0.019115   29.545270
   568    0.017665   28.249462
   569    0.016320   26.945283
   570    0.015074   25.644387
   571    0.013921   24.355303
   572    0.012852   23.081182
   573    0.011863   21.820516
   574    0.010947   20.576035
   575    0.010100   19.354753
   576    0.009316   18.170604
   577    0.008591   17.036331
   578    0.007920   15.960319
   579    0.007300   14.943442
   580    0.006728   13.981413
   581    0.006198   13.065738
   582    0.005709   12.192748
   583    0.005258   11.363161
   584    0.004841   10.579836
   585    0.004456    9.846389
   586    0.004101    9.163749
   587    0.003773    8.538668
   588    0.003471    7.978216
   589    0.003192    7.494640
   590    0.002935    7.100777
   591    0.002698    6.802264
   592    0.002479    6.596309
   593    0.002278    6.470634
   594    0.002093    6.410763
   595    0.001922    6.403313
   596    0.001765    6.442847
   597    0.001620    6.529153
   598    0.001487    6.666418
   599    0.001365    6.860508
   600    0.001252    7.118988
   601    0.001148    7.445665
   602    0.001053    7.840952
   603    0.000965    8.305904
   604    0.000885    8.837954
   605    0.000811    9.434943
   606    0.000743   10.095229
   607    0.000681   10.824215
   608    0.000623   11.624537
   609    0.000571   12.499171
   610    0.000523   13.453822
   611    0.000478   14.492200
   612    0.000438   15.617805
   613    0.000400   16.835450
   614    0.000366   18.152628
   615    0.000335   19.576726
   616    0.000306   21.120584
   617    0.000280   22.789877
   618    0.000256   24.598707
   619    0.000234   26.556353
   620    0.000214   28.681021
   621    0.000195   30.977266
   622    0.000178   33.461491
   623    0.000163   36.138081
   624    0.000148   39.023676
   625    0.000136   42.125722
   626    0.000124   45.460409
   627    0.000113   49.050122
   628    0.000103   52.900150
   629    0.000094   57.043795
   630    0.000086   61.499496
   631    0.000078   66.294971
   632    0.000071   71.438096
   633    0.000065   76.992137
   634    0.000059   82.951229
   635    0.000054   89.368658
   636    0.000049   96.300571
   637    0.000045  103.748580
   638    0.000041  111.779392
   639    0.000037  120.435357
   640    0.000034  129.777940
   641    0.000031  139.862993
   642    0.000028  150.744871
   643    0.000025  162.492498
   644    0.000023  175.151925
   645    0.000021  188.766163
   646    0.000019  203.380815
   647    0.000017  219.019413
   648    0.000016  235.732473
   649    0.000014  253.547116
#CDM-nucleon cross sections[pb]:
   201 3.381507E-10 #proton SI
   202 0.000000E+00 #proton SD
   203 3.675296E-10 #neutron SI
   204 0.000000E+00 #neutron SD
