BLOCK DarkMatter
   1   6.701489E-02   #dark matter relick densisty
   2   5.598570E-01   #ratio omega_N/omega_0
   100 0.796673 # ~nR1 ~nR1 -> Wm Wp
   101 0.155952 # ~nI1 ~nR1 -> nu4 nu4
   102 0.020063 # ~nR1 ~nR1 -> Z Z
   103 0.019077 # ~nI1 ~nI1 -> Wm Wp
   301  8.887802E+01  #Dark Matter Mass (GeV)
   302  4.583481E-26  #SigmaV=[cm^3/s]
   401   88.878019    0.001035
   402   88.516349    0.000000
   403   87.858862    0.000000
   404   87.014700    0.000000
   405   86.025531    0.000000
   406   84.917144    0.000000
   407   83.708184    0.000000
   408   82.413298    0.000000
   409   81.044590    0.000000
   410   79.612402    0.000000
   411   78.125780    0.000000
   412   76.592764    0.000000
   413   75.020587    0.000000
   414   73.415810    0.000000
   415   71.784427    0.000001
   416   70.131931    0.000002
   417   68.463380    0.000004
   418   66.783435    0.000006
   419   65.096401    0.000010
   420   63.406253    0.000016
   421   61.716665    0.000022
   422   60.031028    0.000031
   423   58.352469    0.000042
   424   56.683870    0.000055
   425   55.027880    0.000071
   426   53.386928    0.000090
   427   51.763236    0.000112
   428   50.158832    0.000134
   429   48.575556    0.000158
   430   47.015075    0.000183
   431   45.478887    0.000208
   432   43.968336    0.000234
   433   42.484613    0.000265
   434   41.028770    0.000305
   435   39.601726    0.000360
   436   38.204273    0.000435
   437   36.837086    0.000538
   438   35.500724    0.000675
   439   34.195645    0.000849
   440   32.922206    0.001065
   441   31.680671    0.001324
   442   30.471217    0.001629
   443   29.293941    0.001983
   444   28.148863    0.002391
   445   27.035933    0.002859
   446   25.955036    0.003398
   447   24.905996    0.004020
   448   23.888582    0.004744
   449   22.902510    0.005586
   450   21.947450    0.006563
   451   21.023031    0.007704
   452   20.128841    0.009025
   453   19.264432    0.010563
   454   18.429326    0.012345
   455   17.623017    0.014414
   456   16.844974    0.016821
   457   16.094642    0.019608
   458   15.371449    0.022829
   459   14.674807    0.026588
   460   14.004111    0.030895
   461   13.358750    0.035815
   462   12.738099    0.041435
   463   12.141528    0.047846
   464   11.568403    0.055137
   465   11.018085    0.063436
   466   10.489935    0.072874
   467    9.983315    0.083634
   468    9.497586    0.095881
   469    9.032115    0.109833
   470    8.586271    0.125714
   471    8.159431    0.143712
   472    7.750975    0.164211
   473    7.360295    0.187355
   474    6.986788    0.213428
   475    6.629862    0.242746
   476    6.288933    0.275337
   477    5.963430    0.311865
   478    5.652791    0.352217
   479    5.356466    0.397134
   480    5.073918    0.447084
   481    4.804620    0.502373
   482    4.548059    0.563528
   483    4.303737    0.631592
   484    4.071164    0.706790
   485    3.849866    0.790340
   486    3.639383    0.882553
   487    3.439267    0.984856
   488    3.249083    1.097669
   489    3.068410    1.222340
   490    2.896838    1.359710
   491    2.733974    1.511012
   492    2.579434    1.677990
   493    2.432850    1.861378
   494    2.293865    2.062736
   495    2.162134    2.282844
   496    2.037325    2.522913
   497    1.919118    2.784700
   498    1.807206    3.068465
   499    1.701291    3.375986
   500    1.601089    3.708556
   501    1.506326    4.068793
   502    1.416738    4.458223
   503    1.332072    4.880619
   504    1.252088    5.337917
   505    1.176551    5.832080
   506    1.105240    6.365048
   507    1.037941    6.938810
   508    0.974451    7.552186
   509    0.914574    8.206417
   510    0.858123    8.900257
   511    0.804921    9.632825
   512    0.754798   10.405182
   513    0.707590   11.218278
   514    0.663143   12.074414
   515    0.621309   12.977710
   516    0.581948   13.931229
   517    0.544925   14.938414
   518    0.510112   16.001067
   519    0.477388   17.120906
   520    0.446638   18.297283
   521    0.417752   19.528819
   522    0.390624   20.805384
   523    0.365157   22.124649
   524    0.341255   23.477555
   525    0.318830   24.855491
   526    0.297797   26.251159
   527    0.278076   27.659225
   528    0.259589   29.073528
   529    0.242266   30.487021
   530    0.226038   31.905080
   531    0.210840   33.312155
   532    0.196611   34.709594
   533    0.183294   36.089811
   534    0.170833   37.444596
   535    0.159177   38.752459
   536    0.148277   40.007688
   537    0.138087   41.183782
   538    0.128564   42.280046
   539    0.119666   43.282369
   540    0.111355   44.193590
   541    0.103594   45.011461
   542    0.096349   45.746846
   543    0.089588   46.406102
   544    0.083280   46.988414
   545    0.077397   47.521047
   546    0.071910   47.958856
   547    0.066796   48.289041
   548    0.062029   48.481672
   549    0.057589   48.500768
   550    0.053452   48.321838
   551    0.049601   47.917816
   552    0.046015   47.280502
   553    0.042678   46.452168
   554    0.039573   45.444142
   555    0.036685   44.330051
   556    0.034000   43.122546
   557    0.031503   41.902142
   558    0.029182   40.706984
   559    0.027026   39.510454
   560    0.025023   38.344828
   561    0.023163   37.180333
   562    0.021436   35.991780
   563    0.019833   34.752321
   564    0.018345   33.451140
   565    0.016965   32.078249
   566    0.015685   30.638279
   567    0.014498   29.157096
   568    0.013398   27.645562
   569    0.012378   26.139958
   570    0.011434   24.668300
   571    0.010558   23.244690
   572    0.009748   21.892780
   573    0.008998   20.627117
   574    0.008303   19.472413
   575    0.007660   18.415408
   576    0.007066   17.486817
   577    0.006516   16.659187
   578    0.006007   15.945650
   579    0.005537   15.326119
   580    0.005103   14.785992
   581    0.004701   14.307921
   582    0.004330   13.877045
   583    0.003988   13.478883
   584    0.003672   13.106547
   585    0.003380   12.771352
   586    0.003110   12.485913
   587    0.002862   12.281554
   588    0.002632   12.189399
   589    0.002421   12.242479
   590    0.002226   12.461429
   591    0.002046   12.866860
   592    0.001880   13.446924
   593    0.001728   14.177111
   594    0.001587   15.035541
   595    0.001458   15.979685
   596    0.001339   16.969501
   597    0.001229   17.980621
   598    0.001128   19.014867
   599    0.001035   20.085107
   600    0.000950   21.220040
   601    0.000871   22.481699
   602    0.000799   23.915891
   603    0.000732   25.608182
   604    0.000671   27.594953
   605    0.000615   29.932268
   606    0.000564   32.614948
   607    0.000516   35.661485
   608    0.000473   39.043023
   609    0.000433   42.707963
   610    0.000396   46.651277
   611    0.000363   50.859550
   612    0.000332   55.308725
   613    0.000304   60.092691
   614    0.000278   65.230018
   615    0.000254   70.817749
   616    0.000232   76.982052
   617    0.000212   83.838089
   618    0.000194   91.373263
   619    0.000177   99.604814
   620    0.000162  108.598713
   621    0.000148  118.157800
   622    0.000135  128.432139
   623    0.000123  139.297520
   624    0.000113  150.744251
   625    0.000103  162.752101
   626    0.000094  175.500630
   627    0.000086  188.886001
   628    0.000078  203.263893
   629    0.000071  218.422453
   630    0.000065  234.813721
   631    0.000059  252.887978
   632    0.000054  272.868536
   633    0.000049  295.214751
   634    0.000045  320.503181
   635    0.000041  348.963692
   636    0.000037  380.538190
   637    0.000034  415.297419
   638    0.000031  452.459361
   639    0.000028  491.298655
   640    0.000025  531.189499
   641    0.000023  571.734773
   642    0.000021  613.274837
   643    0.000019  657.029805
   644    0.000017  704.926140
   645    0.000016  759.952549
   646    0.000014  825.609363
   647    0.000013  905.513559
   648    0.000012 1002.910487
   649    0.000011 1120.300503
#CDM-nucleon cross sections[pb]:
   201 6.469171E-13 #proton SI
   202 0.000000E+00 #proton SD
   203 6.630373E-13 #neutron SI
   204 0.000000E+00 #neutron SD
