BLOCK DarkMatter
   1   5.280587E-01   #dark matter relick densisty
   2   4.411518E+00   #ratio omega_N/omega_0
   100 0.145130 # ~nR1 ~nR1 -> Wm Wp
   101 0.135195 # ~N1 ~N1 -> h2 h2
   102 0.121295 # ~N1 ~N1 -> h2 Z
   103 0.095826 # ~nR1 ~nR1 -> h1 h2
   104 0.085607 # ~N1 ~N1 -> Wm Wp
   105 0.065442 # ~nR1 ~nR1 -> Z Z
   106 0.061133 # ~nR1 ~nR1 -> nu4 nu4
   107 0.052271 # ~N1 ~N1 -> u3 U3
   108 0.044731 # ~N1 ~N1 -> Z Z
   109 0.042106 # ~N1 ~N1 -> nu4 nu4
   110 0.031850 # ~nR1 ~nR1 -> h1 h1
   111 0.028198 # ~N1 ~N1 -> h1 Z
   112 0.027246 # ~nR1 ~N1 -> Z nu4
   113 0.023369 # ~nR1 ~N1 -> Ah2 nu4
   114 0.018491 # ~N1 ~N1 -> h1 h2
   301  1.540753E+02  #Dark Matter Mass (GeV)
   302  2.103741E-27  #SigmaV=[cm^3/s]
   401  154.075349    0.000023
   402  153.448372    0.000000
   403  152.308580    0.000000
   404  150.845174    0.000000
   405  149.130391    0.000000
   406  147.208935    0.000000
   407  145.113131    0.000000
   408  142.868369    0.000000
   409  140.495632    0.000001
   410  138.012849    0.000001
   411  135.435701    0.000001
   412  132.778126    0.000002
   413  130.052663    0.000003
   414  127.270687    0.000006
   415  124.442586    0.000018
   416  121.577887    0.000021
   417  118.685354    0.000024
   418  115.773069    0.000026
   419  112.848494    0.000028
   420  109.918522    0.000032
   421  106.989521    0.000037
   422  104.067368    0.000041
   423  101.157486    0.000047
   424   98.264871    0.000053
   425   95.394113    0.000060
   426   92.549425    0.000068
   427   89.734659    0.000078
   428   86.953328    0.000090
   429   84.208625    0.000103
   430   81.503437    0.000119
   431   78.840365    0.000138
   432   76.221733    0.000161
   433   73.649611    0.000188
   434   71.125820    0.000219
   435   68.651955    0.000256
   436   66.229387    0.000300
   437   63.859285    0.000352
   438   61.542623    0.000412
   439   59.280191    0.000484
   440   57.072608    0.000568
   441   54.920333    0.000666
   442   52.823673    0.000781
   443   50.782795    0.000916
   444   48.797734    0.001074
   445   46.868403    0.001257
   446   44.994604    0.001471
   447   43.176030    0.001719
   448   41.412281    0.002007
   449   39.702867    0.002342
   450   38.047215    0.002719
   451   36.444679    0.003179
   452   34.894546    0.003695
   453   33.396042    0.004283
   454   31.948336    0.004976
   455   30.550552    0.005769
   456   29.201767    0.006683
   457   27.901022    0.007725
   458   26.647324    0.008927
   459   25.439653    0.010304
   460   24.276963    0.011880
   461   23.158190    0.013683
   462   22.082254    0.015738
   463   21.048063    0.018084
   464   20.054516    0.020756
   465   19.100508    0.023796
   466   18.184929    0.027255
   467   17.306672    0.031183
   468   16.464632    0.035642
   469   15.657710    0.040689
   470   14.884813    0.046429
   471   14.144860    0.052903
   472   13.436778    0.060234
   473   12.759511    0.068474
   474   12.112015    0.077790
   475   11.493261    0.088299
   476   10.902241    0.100074
   477   10.337962    0.113321
   478    9.799450    0.128160
   479    9.285753    0.144803
   480    8.795939    0.163382
   481    8.329095    0.184119
   482    7.884332    0.207217
   483    7.460784    0.232917
   484    7.057605    0.261485
   485    6.673973    0.293254
   486    6.309088    0.328539
   487    5.962175    0.367645
   488    5.632479    0.411048
   489    5.319271    0.459048
   490    5.021842    0.512135
   491    4.739507    0.570848
   492    4.471604    0.635613
   493    4.217491    0.707184
   494    3.976552    0.785990
   495    3.748188    0.872717
   496    3.531824    0.967981
   497    3.326906    1.072390
   498    3.132899    1.186747
   499    2.949290    1.311431
   500    2.775583    1.447344
   501    2.611305    1.595083
   502    2.455999    1.755469
   503    2.309227    1.929143
   504    2.170569    2.117157
   505    2.039622    2.320351
   506    1.916000    2.540008
   507    1.799333    2.777305
   508    1.689269    3.033158
   509    1.585468    3.308676
   510    1.487608    3.604716
   511    1.395379    3.921593
   512    1.308487    4.259887
   513    1.226649    4.619930
   514    1.149598    5.001793
   515    1.077077    5.405641
   516    1.008841    5.832335
   517    0.944659    6.281321
   518    0.884310    6.753331
   519    0.827581    7.248487
   520    0.774274    7.767619
   521    0.724197    8.310675
   522    0.677170    8.877946
   523    0.633021    9.469136
   524    0.591586   10.083758
   525    0.552711   10.721288
   526    0.516249   11.380285
   527    0.482061   12.058270
   528    0.450013   12.753469
   529    0.419983   13.462357
   530    0.391850   14.181766
   531    0.365504   14.909055
   532    0.340837   15.640521
   533    0.317750   16.372998
   534    0.296149   17.101389
   535    0.275942   17.823972
   536    0.257047   18.538265
   537    0.239382   19.238641
   538    0.222873   19.923037
   539    0.207448   20.588848
   540    0.193040   21.232642
   541    0.179587   21.852328
   542    0.167027   22.443927
   543    0.155307   23.002404
   544    0.144371   23.529822
   545    0.134172   24.016202
   546    0.124661   24.465611
   547    0.115795   24.876531
   548    0.107532   25.245954
   549    0.099833   25.572472
   550    0.092663   25.855569
   551    0.085986   26.089022
   552    0.079770   26.275871
   553    0.073985   26.407151
   554    0.068603   26.479129
   555    0.063596   26.490883
   556    0.058940   26.441895
   557    0.054612   26.328870
   558    0.050589   26.145380
   559    0.046851   25.904267
   560    0.043379   25.598722
   561    0.040154   25.225455
   562    0.037160   24.805144
   563    0.034381   24.318220
   564    0.031803   23.791602
   565    0.029410   23.218056
   566    0.027191   22.605462
   567    0.025134   21.958780
   568    0.023226   21.283351
   569    0.021459   20.581500
   570    0.019821   19.863340
   571    0.018304   19.126818
   572    0.016899   18.382800
   573    0.015598   17.632297
   574    0.014394   16.882993
   575    0.013280   16.137606
   576    0.012249   15.401564
   577    0.011296   14.680461
   578    0.010414   13.978401
   579    0.009599   13.299440
   580    0.008846   12.643849
   581    0.008150   12.020670
   582    0.007507   11.424518
   583    0.006913   10.869578
   584    0.006365   10.351794
   585    0.005859    9.877987
   586    0.005392    9.450942
   587    0.004961    9.073723
   588    0.004563    8.748315
   589    0.004197    8.475421
   590    0.003859    8.257193
   591    0.003547    8.095667
   592    0.003260    7.990518
   593    0.002995    7.945468
   594    0.002752    7.960527
   595    0.002527    8.037136
   596    0.002321    8.176605
   597    0.002130    8.381389
   598    0.001955    8.652235
   599    0.001794    8.990912
   600    0.001646    9.402509
   601    0.001510    9.890421
   602    0.001385   10.458762
   603    0.001269   11.107158
   604    0.001164   11.842168
   605    0.001066   12.664666
   606    0.000977   13.575807
   607    0.000895   14.581323
   608    0.000820   15.691527
   609    0.000751   16.907438
   610    0.000687   18.249035
   611    0.000629   19.721250
   612    0.000576   21.332022
   613    0.000527   23.088466
   614    0.000482   25.020993
   615    0.000440   27.131798
   616    0.000403   29.437218
   617    0.000368   31.958660
   618    0.000336   34.705522
   619    0.000307   37.686419
   620    0.000281   40.928510
   621    0.000257   44.455539
   622    0.000234   48.264656
   623    0.000214   52.406318
   624    0.000195   56.888703
   625    0.000178   61.776569
   626    0.000163   67.105720
   627    0.000148   72.905670
   628    0.000135   79.219691
   629    0.000123   86.129901
   630    0.000112   93.665070
   631    0.000102  101.904327
   632    0.000093  110.852564
   633    0.000085  120.556984
   634    0.000078  131.174399
   635    0.000071  142.710320
   636    0.000064  155.322348
   637    0.000059  169.026925
   638    0.000053  184.011800
   639    0.000048  200.347203
   640    0.000044  218.202381
   641    0.000040  237.675920
   642    0.000037  258.909840
   643    0.000033  282.031446
   644    0.000030  307.154054
   645    0.000027  334.475304
   646    0.000025  364.114090
   647    0.000023  396.339585
   648    0.000021  431.335080
   649    0.000019  469.351751
#CDM-nucleon cross sections[pb]:
   201 1.797686E-10 #proton SI
   202 0.000000E+00 #proton SD
   203 1.912274E-10 #neutron SI
   204 0.000000E+00 #neutron SD
