BLOCK DarkMatter
   1   5.733420E-02   #dark matter relick densisty
   2   4.789825E-01   #ratio omega_N/omega_0
   100 0.271192 # ~N1 ~N1 -> h2 Z
   101 0.227766 # ~N1 ~N1 -> h2 h2
   102 0.207909 # ~N1 ~N1 -> Wm Wp
   103 0.112302 # ~N1 ~N1 -> Z Z
   104 0.079668 # ~N1 ~N1 -> h1 Z
   105 0.046491 # ~N1 ~N1 -> u3 U3
   106 0.031547 # ~N1 ~N1 -> h1 h2
   301  1.637052E+02  #Dark Matter Mass (GeV)
   302  2.432331E-26  #SigmaV=[cm^3/s]
   401  163.705194    0.000265
   402  163.039030    0.000000
   403  161.828000    0.000000
   404  160.273131    0.000000
   405  158.451172    0.000000
   406  156.409623    0.000000
   407  154.182829    0.000000
   408  151.797768    0.000000
   409  149.276733    0.000001
   410  146.638774    0.000059
   411  143.900552    0.000060
   412  141.076876    0.000061
   413  138.181069    0.000062
   414  135.225217    0.000063
   415  132.220358    0.000064
   416  129.176612    0.000066
   417  126.103293    0.000068
   418  123.008988    0.000071
   419  119.901625    0.000075
   420  116.788527    0.000080
   421  113.676460    0.000085
   422  110.571670    0.000090
   423  107.479918    0.000097
   424  104.406512    0.000104
   425  101.356329    0.000113
   426   98.333845    0.000124
   427   95.343154    0.000136
   428   92.387987    0.000151
   429   89.471738    0.000169
   430   86.597474    0.000189
   431   83.767957    0.000214
   432   80.985659    0.000243
   433   78.252776    0.000277
   434   75.571247    0.000318
   435   72.942762    0.000366
   436   70.368782    0.000423
   437   67.850547    0.000491
   438   65.389091    0.000571
   439   62.985255    0.000665
   440   60.639696    0.000776
   441   58.352902    0.000906
   442   56.125199    0.001059
   443   53.956764    0.001238
   444   51.847635    0.001448
   445   49.797720    0.001692
   446   47.806806    0.001978
   447   45.874570    0.002312
   448   44.000586    0.002701
   449   42.184331    0.003154
   450   40.425199    0.003681
   451   38.722503    0.004294
   452   37.075486    0.005004
   453   35.483324    0.005827
   454   33.945135    0.006777
   455   32.459988    0.007874
   456   31.026903    0.009142
   457   29.644860    0.010602
   458   28.312805    0.012285
   459   27.029653    0.014167
   460   25.794294    0.016392
   461   24.605597    0.018946
   462   23.462414    0.021873
   463   22.363585    0.025224
   464   21.307941    0.029063
   465   20.294306    0.033450
   466   19.321503    0.038463
   467   18.388354    0.044178
   468   17.493686    0.050689
   469   16.636331    0.058091
   470   15.815127    0.066525
   471   15.028926    0.076071
   472   14.276589    0.086922
   473   13.556992    0.099193
   474   12.869026    0.113080
   475   12.211600    0.128786
   476   11.583641    0.146489
   477   10.984094    0.166460
   478   10.411925    0.188899
   479    9.866121    0.214118
   480    9.345693    0.242414
   481    8.849671    0.274088
   482    8.377110    0.309508
   483    7.927090    0.349056
   484    7.498712    0.393146
   485    7.091102    0.442311
   486    6.703412    0.497089
   487    6.334816    0.557936
   488    5.984514    0.625529
   489    5.651730    0.700401
   490    5.335711    0.783225
   491    5.035730    0.874785
   492    4.751083    0.975861
   493    4.481088    1.087437
   494    4.225090    1.210479
   495    3.982453    1.345907
   496    3.752566    1.494832
   497    3.534840    1.658288
   498    3.328708    1.837383
   499    3.133623    2.033136
   500    2.949060    2.246620
   501    2.774514    2.478843
   502    2.609501    2.731081
   503    2.453556    3.004514
   504    2.306231    3.300822
   505    2.167100    3.621925
   506    2.035751    3.970017
   507    1.911793    4.347238
   508    1.794850    4.754955
   509    1.684561    5.194796
   510    1.580585    5.667433
   511    1.482592    6.173736
   512    1.390269    6.714330
   513    1.303316    7.289797
   514    1.221449    7.900904
   515    1.144395    8.548286
   516    1.071895    9.232785
   517    1.003702    9.954256
   518    0.939580   10.713690
   519    0.879306   11.511130
   520    0.822667   12.347981
   521    0.769460   13.224606
   522    0.719494   14.141702
   523    0.672585   15.099685
   524    0.628561   16.098121
   525    0.587256   17.136141
   526    0.548515   18.212047
   527    0.512190   19.322888
   528    0.478140   20.465518
   529    0.446232   21.635303
   530    0.416341   22.827846
   531    0.388348   24.038633
   532    0.362140   25.262367
   533    0.337610   26.492213
   534    0.314658   27.722235
   535    0.293189   28.945334
   536    0.273112   30.154691
   537    0.254343   31.345411
   538    0.236802   32.511843
   539    0.220413   33.650444
   540    0.205105   34.758122
   541    0.190811   35.834079
   542    0.177467   36.870646
   543    0.165013   37.863401
   544    0.153395   38.808267
   545    0.142557   39.695652
   546    0.132452   40.522630
   547    0.123032   41.286885
   548    0.114253   41.985100
   549    0.106073   42.611646
   550    0.098454   43.164879
   551    0.091360   43.635689
   552    0.084756   44.015804
   553    0.078609   44.300254
   554    0.072890   44.482880
   555    0.067571   44.556987
   556    0.062624   44.526914
   557    0.058026   44.392581
   558    0.053751   44.146896
   559    0.049780   43.802851
   560    0.046090   43.352669
   561    0.042664   42.793593
   562    0.039483   42.146136
   563    0.036530   41.400937
   564    0.033790   40.566258
   565    0.031248   39.657331
   566    0.028891   38.671295
   567    0.026704   37.621607
   568    0.024678   36.512041
   569    0.022800   35.355177
   570    0.021060   34.154806
   571    0.019448   32.919800
   572    0.017955   31.657044
   573    0.016573   30.376954
   574    0.015293   29.087146
   575    0.014110   27.792405
   576    0.013015   26.506045
   577    0.012002   25.235277
   578    0.011065   23.982777
   579    0.010199   22.762581
   580    0.009399   21.573515
   581    0.008659   20.424086
   582    0.007976   19.317823
   583    0.007345   18.267773
   584    0.006763   17.271566
   585    0.006225   16.343035
   586    0.005729   15.483214
   587    0.005271   14.695353
   588    0.004848   13.982347
   589    0.004459   13.344471
   590    0.004100   12.783824
   591    0.003769   12.304052
   592    0.003464   11.906729
   593    0.003183   11.594537
   594    0.002924   11.370385
   595    0.002685   11.233480
   596    0.002466   11.185508
   597    0.002263   11.227712
   598    0.002078   11.361575
   599    0.001906   11.588283
   600    0.001749   11.912559
   601    0.001604   12.341696
   602    0.001471   12.877455
   603    0.001349   13.519154
   604    0.001236   14.270007
   605    0.001133   15.128062
   606    0.001038   16.092089
   607    0.000951   17.169742
   608    0.000871   18.370589
   609    0.000798   19.704639
   610    0.000730   21.187798
   611    0.000668   22.827262
   612    0.000612   24.627969
   613    0.000559   26.600557
   614    0.000512   28.766347
   615    0.000468   31.132466
   616    0.000428   33.715308
   617    0.000391   36.540391
   618    0.000357   39.617405
   619    0.000327   42.960981
   620    0.000298   46.590603
   621    0.000273   50.535344
   622    0.000249   54.806940
   623    0.000227   59.451629
   624    0.000207   64.475412
   625    0.000189   69.936724
   626    0.000173   75.854655
   627    0.000158   82.282208
   628    0.000144   89.265328
   629    0.000131   96.891245
   630    0.000119  105.214403
   631    0.000109  114.281754
   632    0.000099  124.138272
   633    0.000090  134.825520
   634    0.000082  146.478713
   635    0.000075  159.162303
   636    0.000068  172.963598
   637    0.000062  187.982699
   638    0.000057  204.324163
   639    0.000052  222.104073
   640    0.000047  241.457013
   641    0.000043  262.517024
   642    0.000039  285.412209
   643    0.000035  310.280333
   644    0.000032  337.232090
   645    0.000029  366.461934
   646    0.000026  398.141962
   647    0.000024  432.531518
   648    0.000022  469.827439
   649    0.000020  510.221037
#CDM-nucleon cross sections[pb]:
   201 7.459186E-10 #proton SI
   202 1.325855E-03 #proton SD
   203 5.896324E-10 #neutron SI
   204 1.013739E-03 #neutron SD
