BLOCK DarkMatter
   1   8.529369E-01   #dark matter relick densisty
   2   7.125622E+00   #ratio omega_N/omega_0
   100 0.654722 # ~nR1 ~nR1 -> h1 h1
   101 0.177293 # ~nR1 ~nR1 -> h1 h2
   102 0.078757 # ~nR1 ~nR1 -> Wm Wp
   103 0.047975 # ~nR1 ~nR1 -> nu4 nu4
   104 0.033606 # ~nR1 ~nR1 -> Z Z
   301  1.212148E+02  #Dark Matter Mass (GeV)
   302  2.147767E-27  #SigmaV=[cm^3/s]
   401  121.214786    0.000002
   402  120.721528    0.000000
   403  119.824826    0.000000
   404  118.673530    0.000000
   405  117.324468    0.000000
   406  115.812813    0.000000
   407  114.163993    0.000000
   408  112.397985    0.000000
   409  110.531296    0.000000
   410  108.578031    0.000000
   411  106.550526    0.000000
   412  104.459748    0.000000
   413  102.315560    0.000001
   414  100.126913    0.000001
   415   97.901978    0.000001
   416   95.648250    0.000002
   417   93.372625    0.000002
   418   91.081460    0.000003
   419   88.780627    0.000003
   420   86.475548    0.000004
   421   84.171231    0.000005
   422   81.872303    0.000006
   423   79.583030    0.000047
   424   77.307340    0.000098
   425   75.048845    0.000101
   426   72.810860    0.000105
   427   70.596416    0.000110
   428   68.408276    0.000115
   429   66.248952    0.000123
   430   64.120716    0.000133
   431   62.025613    0.000144
   432   59.965472    0.000158
   433   57.941922    0.000175
   434   55.956395    0.000195
   435   54.010145    0.000220
   436   52.104253    0.000251
   437   50.239637    0.000288
   438   48.417063    0.000334
   439   46.637153    0.000388
   440   44.900395    0.000454
   441   43.207148    0.000533
   442   41.557655    0.000627
   443   39.952047    0.000648
   444   38.390352    0.000778
   445   36.872501    0.000931
   446   35.398338    0.001112
   447   33.967622    0.001327
   448   32.580039    0.001580
   449   31.235201    0.001877
   450   29.932660    0.002224
   451   28.671906    0.002628
   452   27.452379    0.003099
   453   26.273470    0.003648
   454   25.134525    0.004287
   455   24.034855    0.005030
   456   22.973733    0.005895
   457   21.950406    0.006904
   458   20.964091    0.008082
   459   20.013987    0.009451
   460   19.099271    0.011036
   461   18.219105    0.012867
   462   17.372641    0.014989
   463   16.559018    0.017454
   464   15.777371    0.020321
   465   15.026829    0.023651
   466   14.306521    0.027514
   467   13.615576    0.031996
   468   12.953123    0.037185
   469   12.318298    0.043188
   470   11.710241    0.050131
   471   11.128102    0.058163
   472   10.571037    0.067459
   473   10.038214    0.078205
   474    9.528813    0.090614
   475    9.042025    0.104878
   476    8.577056    0.121255
   477    8.133124    0.140015
   478    7.709464    0.161485
   479    7.305326    0.186043
   480    6.919977    0.214098
   481    6.552699    0.246111
   482    6.202794    0.282529
   483    5.869578    0.323836
   484    5.552388    0.370601
   485    5.250575    0.423397
   486    4.963512    0.482908
   487    4.690587    0.549874
   488    4.431207    0.625066
   489    4.184799    0.709336
   490    3.950804    0.803554
   491    3.728684    0.908684
   492    3.517918    1.025746
   493    3.318002    1.155787
   494    3.128449    1.299908
   495    2.948789    1.459324
   496    2.778571    1.635202
   497    2.617357    1.828896
   498    2.464727    2.041787
   499    2.320277    2.275276
   500    2.183618    2.530825
   501    2.054377    2.809924
   502    1.932194    3.114007
   503    1.816725    3.444571
   504    1.707639    3.803006
   505    1.604619    4.190577
   506    1.507363    4.608857
   507    1.415579    5.059671
   508    1.328988    5.545845
   509    1.247326    6.071148
   510    1.170337    6.640082
   511    1.097779    7.257241
   512    1.029418    7.926723
   513    0.965035    8.650809
   514    0.904417    9.430753
   515    0.847362   10.264652
   516    0.793680   11.150994
   517    0.743186   12.086962
   518    0.695708   13.068653
   519    0.651078   14.091004
   520    0.609140   15.147490
   521    0.569743   16.232330
   522    0.532746   17.340386
   523    0.498013   18.468549
   524    0.465415   19.614816
   525    0.434831   20.778451
   526    0.406146   21.959516
   527    0.379249   23.156615
   528    0.354036   24.367746
   529    0.330411   25.590137
   530    0.308278   26.820025
   531    0.287551   28.054489
   532    0.268145   29.289018
   533    0.249982   30.518348
   534    0.232987   31.736893
   535    0.217090   32.937125
   536    0.202225   34.113436
   537    0.188327   35.258504
   538    0.175339   36.367105
   539    0.163204   37.433066
   540    0.151869   38.449167
   541    0.141285   39.407932
   542    0.131404   40.302317
   543    0.122183   41.125095
   544    0.113580   41.871633
   545    0.105556   42.536075
   546    0.098074   43.111439
   547    0.091098   43.594108
   548    0.084598   43.975019
   549    0.078541   44.251154
   550    0.072900   44.421738
   551    0.067647   44.479859
   552    0.062757   44.428793
   553    0.058206   44.264592
   554    0.053971   43.990095
   555    0.050033   43.600670
   556    0.046370   43.104569
   557    0.042965   42.497241
   558    0.039800   41.781350
   559    0.036859   40.968304
   560    0.034127   40.059066
   561    0.031590   39.062604
   562    0.029235   37.988944
   563    0.027049   36.846710
   564    0.025020   35.641728
   565    0.023138   34.387265
   566    0.021392   33.092725
   567    0.019773   31.769325
   568    0.018273   30.426604
   569    0.016882   29.072592
   570    0.015593   27.711307
   571    0.014400   26.348770
   572    0.013295   24.992172
   573    0.012271   23.651470
   574    0.011324   22.333878
   575    0.010447   21.048604
   576    0.009637   19.802586
   577    0.008887   18.599315
   578    0.008193   17.442188
   579    0.007552   16.335753
   580    0.006959   15.282595
   581    0.006412   14.283842
   582    0.005906   13.338449
   583    0.005439   12.443917
   584    0.005007   11.597629
   585    0.004609   10.800025
   586    0.004242   10.056387
   587    0.003903    9.375170
   588    0.003590    8.766104
   589    0.003302    8.236170
   590    0.003036    7.789695
   591    0.002791    7.427522
   592    0.002565    7.150119
   593    0.002356    6.954803
   594    0.002165    6.837282
   595    0.001988    6.789181
   596    0.001826    6.803847
   597    0.001676    6.876258
   598    0.001538    7.005081
   599    0.001412    7.191084
   600    0.001295    7.439614
   601    0.001188    7.753857
   602    0.001089    8.135386
   603    0.000999    8.585359
   604    0.000915    9.106455
   605    0.000839    9.697558
   606    0.000769   10.358692
   607    0.000704   11.093522
   608    0.000645   11.902421
   609    0.000591   12.788135
   610    0.000541   13.755656
   611    0.000495   14.811111
   612    0.000453   15.957124
   613    0.000414   17.200450
   614    0.000379   18.548197
   615    0.000347   20.006601
   616    0.000317   21.589090
   617    0.000290   23.299704
   618    0.000265   25.154894
   619    0.000242   27.162482
   620    0.000221   29.337901
   621    0.000202   31.688065
   622    0.000184   34.231006
   623    0.000168   36.969657
   624    0.000154   39.926317
   625    0.000140   43.106144
   626    0.000128   46.525578
   627    0.000117   50.204901
   628    0.000106   54.150994
   629    0.000097   58.392220
   630    0.000088   62.950733
   631    0.000081   67.848303
   632    0.000073   73.095553
   633    0.000067   78.753415
   634    0.000061   84.826675
   635    0.000056   91.369547
   636    0.000051   98.435585
   637    0.000046  106.041916
   638    0.000042  114.250329
   639    0.000038  123.123270
   640    0.000035  132.710088
   641    0.000032  143.060080
   642    0.000029  154.222621
   643    0.000026  166.240995
   644    0.000024  179.128559
   645    0.000022  192.884187
   646    0.000020  207.486628
   647    0.000018  222.908863
   648    0.000016  239.133663
   649    0.000015  256.152982
#CDM-nucleon cross sections[pb]:
   201 2.648561E-10 #proton SI
   202 0.000000E+00 #proton SD
   203 2.877181E-10 #neutron SI
   204 0.000000E+00 #neutron SD
