BLOCK DarkMatter
   1   4.797079E-01   #dark matter relick densisty
   2   4.007585E+00   #ratio omega_N/omega_0
   100 0.553663 # ~nR1 ~nR1 -> nu4 nu4
   101 0.374982 # ~nR1 ~nR1 -> d3 D3
   102 0.065941 # ~nR1 ~nR1 -> e3 E3
   301  3.542798E+01  #Dark Matter Mass (GeV)
   302  4.027723E-27  #SigmaV=[cm^3/s]
   401   35.427975    0.001151
   402   35.283808    0.000003
   403   35.021725    0.000008
   404   34.685231    0.000011
   405   34.290935    0.000015
   406   33.849117    0.000018
   407   33.367209    0.000021
   408   32.851050    0.000025
   409   32.305465    0.000028
   410   31.734575    0.000033
   411   31.141988    0.000039
   412   30.530907    0.000047
   413   29.904216    0.000057
   414   29.264530    0.000069
   415   28.614239    0.000082
   416   27.955532    0.000097
   417   27.290425    0.000116
   418   26.620776    0.000138
   419   25.948302    0.000165
   420   25.274586    0.000195
   421   24.601093    0.000227
   422   23.929176    0.000264
   423   23.260080    0.000309
   424   22.594954    0.000365
   425   21.934854    0.000431
   426   21.280748    0.000508
   427   20.633523    0.000593
   428   19.993986    0.000687
   429   19.362871    0.000792
   430   18.740842    0.000913
   431   18.128497    0.001055
   432   17.526371    0.001221
   433   16.934939    0.001415
   434   16.354620    0.001641
   435   15.785781    0.001900
   436   15.228738    0.002198
   437   14.683758    0.002540
   438   14.151066    0.002930
   439   13.630844    0.003369
   440   13.123234    0.003860
   441   12.628342    0.004413
   442   12.146237    0.005039
   443   11.676959    0.005758
   444   11.220516    0.006588
   445   10.776887    0.007549
   446   10.346027    0.008657
   447    9.927865    0.009930
   448    9.522310    0.011390
   449    9.129249    0.013065
   450    8.748549    0.014985
   451    8.380063    0.017193
   452    8.023627    0.019733
   453    7.679062    0.022658
   454    7.346177    0.026034
   455    7.024772    0.029936
   456    6.714633    0.034427
   457    6.415541    0.039585
   458    6.127267    0.045492
   459    5.849575    0.052268
   460    5.582227    0.060032
   461    5.324977    0.068929
   462    5.077578    0.079105
   463    4.839776    0.090713
   464    4.611321    0.103921
   465    4.391957    0.118916
   466    4.181429    0.135924
   467    3.979484    0.155230
   468    3.785866    0.177048
   469    3.600323    0.201736
   470    3.422603    0.229621
   471    3.252459    0.261052
   472    3.089643    0.296345
   473    2.933913    0.335985
   474    2.785028    0.380195
   475    2.642752    0.429619
   476    2.506854    0.484592
   477    2.377104    0.545599
   478    2.253279    0.612969
   479    2.135159    0.687630
   480    2.022532    0.769858
   481    1.915186    0.860683
   482    1.812918    0.960810
   483    1.715527    1.070823
   484    1.622821    1.191818
   485    1.534609    1.323934
   486    1.450707    1.468120
   487    1.370938    1.624927
   488    1.295128    1.794719
   489    1.223109    1.978691
   490    1.154719    2.177408
   491    1.089799    2.391976
   492    1.028197    2.622903
   493    0.969767    2.870951
   494    0.914365    3.136434
   495    0.861856    3.418926
   496    0.812105    3.717491
   497    0.764986    4.030903
   498    0.720377    4.359345
   499    0.678158    4.704341
   500    0.638216    5.074108
   501    0.600442    5.477877
   502    0.564731    5.925641
   503    0.530982    6.422616
   504    0.499099    6.964148
   505    0.468989    7.538353
   506    0.440564    8.127786
   507    0.413737    8.715334
   508    0.388429    9.288617
   509    0.364561    9.843707
   510    0.342060   10.380782
   511    0.320853   10.904375
   512    0.300873   11.416929
   513    0.282055   11.921379
   514    0.264338   12.417871
   515    0.247662   12.907799
   516    0.231972   13.386987
   517    0.217214   13.855016
   518    0.203338   14.313982
   519    0.190293   14.759345
   520    0.178036   15.190295
   521    0.166521   15.606681
   522    0.155708   16.001799
   523    0.145556   16.373506
   524    0.136029   16.721776
   525    0.127090   17.045328
   526    0.118706   17.344453
   527    0.110845   17.617939
   528    0.103476   17.858433
   529    0.096571   18.062948
   530    0.090102   18.228670
   531    0.084044   18.352969
   532    0.078372   18.437087
   533    0.073063   18.483617
   534    0.068096   18.494984
   535    0.063450   18.464527
   536    0.059105   18.398193
   537    0.055043   18.299722
   538    0.051247   18.153384
   539    0.047700   17.967815
   540    0.044387   17.739826
   541    0.041294   17.469322
   542    0.038406   17.156696
   543    0.035711   16.816364
   544    0.033197   16.441967
   545    0.030851   16.045740
   546    0.028664   15.621844
   547    0.026626   15.175700
   548    0.024726   14.693360
   549    0.022956   14.187164
   550    0.021307   13.650309
   551    0.019772   13.087348
   552    0.018342   12.516128
   553    0.017012   11.942817
   554    0.015774   11.370103
   555    0.014623   10.801346
   556    0.013553   10.232392
   557    0.012557    9.661856
   558    0.011632    9.080648
   559    0.010773    8.493448
   560    0.009975    7.903544
   561    0.009233    7.320590
   562    0.008545    6.753520
   563    0.007906    6.215568
   564    0.007313    5.719828
   565    0.006763    5.272643
   566    0.006252    4.880467
   567    0.005779    4.536294
   568    0.005341    4.233882
   569    0.004934    3.964094
   570    0.004558    3.718214
   571    0.004209    3.488214
   572    0.003886    3.270509
   573    0.003587    3.064762
   574    0.003310    2.873887
   575    0.003054    2.701143
   576    0.002817    2.547258
   577    0.002597    2.413038
   578    0.002395    2.294567
   579    0.002207    2.192542
   580    0.002034    2.111114
   581    0.001874    2.057488
   582    0.001726    2.037570
   583    0.001590    2.052467
   584    0.001464    2.098377
   585    0.001347    2.168403
   586    0.001240    2.256844
   587    0.001141    2.359845
   588    0.001049    2.478028
   589    0.000965    2.612765
   590    0.000887    2.765978
   591    0.000816    2.937475
   592    0.000750    3.128052
   593    0.000689    3.338316
   594    0.000633    3.567733
   595    0.000581    3.817115
   596    0.000534    4.087361
   597    0.000490    4.377865
   598    0.000450    4.690977
   599    0.000413    5.028379
   600    0.000379    5.391431
   601    0.000347    5.783773
   602    0.000318    6.205802
   603    0.000292    6.657537
   604    0.000268    7.141988
   605    0.000245    7.660024
   606    0.000225    8.214132
   607    0.000206    8.802261
   608    0.000188    9.429528
   609    0.000173   10.098045
   610    0.000158   10.804868
   611    0.000145   11.556174
   612    0.000132   12.358477
   613    0.000121   13.211559
   614    0.000111   14.127449
   615    0.000101   15.095929
   616    0.000093   16.122985
   617    0.000085   17.213592
   618    0.000077   18.370701
   619    0.000071   19.597119
   620    0.000065   20.884543
   621    0.000059   22.252815
   622    0.000054   23.688722
   623    0.000049   25.206511
   624    0.000045   26.809382
   625    0.000041   28.500143
   626    0.000037   30.294365
   627    0.000034   32.191182
   628    0.000031   34.179479
   629    0.000028   36.284549
   630    0.000026   38.503581
   631    0.000024   40.820193
   632    0.000021   43.232410
   633    0.000020   45.707401
   634    0.000018   48.269310
   635    0.000016   50.882065
   636    0.000015   53.512126
   637    0.000013   56.175871
   638    0.000012   58.834048
   639    0.000011   61.473684
   640    0.000010   64.077488
   641    0.000009   66.622437
   642    0.000008   69.128844
   643    0.000008   71.513433
   644    0.000007   73.818738
   645    0.000006   75.938506
   646    0.000006   77.917123
   647    0.000005   79.653997
   648    0.000005   81.043015
   649    0.000004   82.029907
#CDM-nucleon cross sections[pb]:
   201 1.488879E-08 #proton SI
   202 0.000000E+00 #proton SD
   203 1.625389E-08 #neutron SI
   204 0.000000E+00 #neutron SD
