BLOCK DarkMatter
   1   3.537799E+00   #dark matter relick densisty
   2   2.955555E+01   #ratio omega_N/omega_0
   100 0.827342 # ~nR1 ~nR1 -> d3 D3
   101 0.150115 # ~nR1 ~nR1 -> e3 E3
   102 0.016692 # ~nR1 ~nR1 -> nu4 nu4
   301  2.095348E+01  #Dark Matter Mass (GeV)
   302  5.503461E-28  #SigmaV=[cm^3/s]
   401   20.953479    0.000717
   402   20.868213    0.000006
   403   20.713207    0.000013
   404   20.514192    0.000021
   405   20.280990    0.000030
   406   20.019681    0.000040
   407   19.734662    0.000050
   408   19.429386    0.000061
   409   19.106705    0.000072
   410   18.769059    0.000086
   411   18.418580    0.000106
   412   18.057163    0.000133
   413   17.686514    0.000168
   414   17.308179    0.000208
   415   16.923571    0.000253
   416   16.533986    0.000306
   417   16.140616    0.000370
   418   15.744560    0.000449
   419   15.346833    0.000543
   420   14.948371    0.000648
   421   14.550041    0.000765
   422   14.152643    0.000901
   423   13.756914    0.001066
   424   13.363532    0.001268
   425   12.973124    0.001508
   426   12.586260    0.001783
   427   12.203466    0.002091
   428   11.825219    0.002437
   429   11.451953    0.002833
   430   11.084061    0.003295
   431   10.721896    0.003834
   432   10.365776    0.004465
   433   10.015980    0.005196
   434    9.672757    0.006046
   435    9.336324    0.007025
   436    9.006866    0.008149
   437    8.684544    0.009431
   438    8.369490    0.010884
   439    8.061810    0.012531
   440    7.761590    0.014396
   441    7.468891    0.016513
   442    7.183756    0.018919
   443    6.906207    0.021664
   444    6.636248    0.024806
   445    6.373869    0.028423
   446    6.119042    0.032606
   447    5.871725    0.037438
   448    5.631864    0.043031
   449    5.399392    0.049479
   450    5.174231    0.056861
   451    4.956295    0.065298
   452    4.745484    0.074946
   453    4.541695    0.086034
   454    4.344814    0.098847
   455    4.154723    0.113687
   456    3.971295    0.130785
   457    3.794400    0.150417
   458    3.623903    0.172889
   459    3.459666    0.198622
   460    3.301546    0.228037
   461    3.149398    0.261600
   462    3.003076    0.299769
   463    2.862432    0.343197
   464    2.727314    0.392568
   465    2.597574    0.448682
   466    2.473060    0.512309
   467    2.353621    0.584290
   468    2.239108    0.665497
   469    2.129371    0.757078
   470    2.024260    0.860268
   471    1.923630    0.976358
   472    1.827335    1.106471
   473    1.735230    1.251914
   474    1.647174    1.413608
   475    1.563026    1.593224
   476    1.482650    1.791703
   477    1.405911    2.010652
   478    1.332676    2.250823
   479    1.262816    2.515006
   480    1.196204    2.804168
   481    1.132715    3.121110
   482    1.072230    3.468236
   483    1.014629    3.846901
   484    0.959799    4.260181
   485    0.907627    4.707025
   486    0.858005    5.190927
   487    0.810826    5.712717
   488    0.765989    6.272815
   489    0.723394    6.874376
   490    0.682945    7.517526
   491    0.644549    8.205186
   492    0.608116    8.937218
   493    0.573558    9.715024
   494    0.540791   10.539990
   495    0.509735   11.406821
   496    0.480310   12.310153
   497    0.452443   13.240762
   498    0.426059   14.195367
   499    0.401089   15.179862
   500    0.377466   16.224785
   501    0.355125   17.374467
   502    0.334004   18.671670
   503    0.314043   20.136112
   504    0.295187   21.743759
   505    0.277378   23.431412
   506    0.260566   25.113169
   507    0.244700   26.710316
   508    0.229732   28.175771
   509    0.215616   29.500501
   510    0.202307   30.701490
   511    0.189765   31.808723
   512    0.177948   32.843483
   513    0.166818   33.816562
   514    0.156340   34.733347
   515    0.146477   35.591276
   516    0.137197   36.379136
   517    0.128469   37.092938
   518    0.120262   37.741616
   519    0.112547   38.316706
   520    0.105297   38.824833
   521    0.098487   39.265776
   522    0.092092   39.622735
   523    0.086088   39.893241
   524    0.080453   40.071123
   525    0.075166   40.155478
   526    0.070207   40.154968
   527    0.065558   40.078557
   528    0.061200   39.917771
   529    0.057116   39.666658
   530    0.053290   39.325810
   531    0.049707   38.885661
   532    0.046352   38.341616
   533    0.043212   37.692130
   534    0.040275   36.947717
   535    0.037527   36.071233
   536    0.034957   35.091002
   537    0.032555   34.032850
   538    0.030310   32.887359
   539    0.028212   31.740233
   540    0.026252   30.614975
   541    0.024423   29.530434
   542    0.022715   28.480565
   543    0.021121   27.449871
   544    0.019634   26.410639
   545    0.018247   25.342773
   546    0.016953   24.246206
   547    0.015747   23.123384
   548    0.014624   21.980020
   549    0.013577   20.820687
   550    0.012602   19.655161
   551    0.011694   18.494162
   552    0.010848   17.350885
   553    0.010062   16.242494
   554    0.009330   15.153613
   555    0.008649   14.087407
   556    0.008016   13.037817
   557    0.007427   12.009461
   558    0.006880   10.982353
   559    0.006372    9.952486
   560    0.005899    8.911050
   561    0.005461    7.871022
   562    0.005054    6.862097
   563    0.004676    5.938822
   564    0.004325    5.155077
   565    0.004000    4.548124
   566    0.003698    4.117976
   567    0.003418    3.829522
   568    0.003159    3.633221
   569    0.002918    3.481542
   570    0.002696    3.353513
   571    0.002489    3.247442
   572    0.002298    3.172631
   573    0.002121    3.138338
   574    0.001957    3.144021
   575    0.001806    3.186807
   576    0.001666    3.261080
   577    0.001536    3.369060
   578    0.001416    3.510600
   579    0.001305    3.685961
   580    0.001203    3.890753
   581    0.001108    4.117397
   582    0.001021    4.364051
   583    0.000940    4.633770
   584    0.000866    4.933324
   585    0.000797    5.269488
   586    0.000733    5.642944
   587    0.000675    6.053401
   588    0.000621    6.496922
   589    0.000571    6.973335
   590    0.000525    7.485423
   591    0.000482    8.030576
   592    0.000443    8.611670
   593    0.000407    9.231054
   594    0.000374    9.888021
   595    0.000344   10.586326
   596    0.000316   11.333291
   597    0.000290   12.129632
   598    0.000266   12.980985
   599    0.000244   13.888345
   600    0.000224   14.857216
   601    0.000205   15.896285
   602    0.000188   17.002694
   603    0.000173   18.180547
   604    0.000158   19.432962
   605    0.000145   20.756730
   606    0.000133   22.157633
   607    0.000122   23.625570
   608    0.000111   25.168096
   609    0.000102   26.800361
   610    0.000093   28.493131
   611    0.000086   30.276412
   612    0.000078   32.142120
   613    0.000072   34.099786
   614    0.000066   36.163805
   615    0.000060   38.309620
   616    0.000055   40.553986
   617    0.000050   42.899118
   618    0.000046   45.347134
   619    0.000042   47.898563
   620    0.000038   50.525018
   621    0.000035   53.269858
   622    0.000032   56.069801
   623    0.000029   58.970509
   624    0.000027   61.925578
   625    0.000024   64.952379
   626    0.000022   68.039689
   627    0.000020   71.174328
   628    0.000018   74.297445
   629    0.000017   77.448434
   630    0.000015   80.634643
   631    0.000014   83.801943
   632    0.000013   86.960988
   633    0.000012   90.020366
   634    0.000011   93.056369
   635    0.000010   96.026700
   636    0.000009   98.918842
   637    0.000008  101.725162
   638    0.000007  104.396031
   639    0.000007  106.908407
   640    0.000006  109.205675
   641    0.000005  111.183926
   642    0.000005  112.763433
   643    0.000005  113.799895
   644    0.000004  114.246739
   645    0.000004  113.986544
   646    0.000003  112.950806
   647    0.000003  110.953438
   648    0.000003  107.815313
   649    0.000003  103.217794
#CDM-nucleon cross sections[pb]:
   201 2.446845E-08 #proton SI
   202 0.000000E+00 #proton SD
   203 2.676371E-08 #neutron SI
   204 0.000000E+00 #neutron SD
