BLOCK DarkMatter
   1   2.924637E-02   #dark matter relick densisty
   2   2.443306E-01   #ratio omega_N/omega_0
   100 0.492549 # ~nI1 ~nI1 -> Wm Wp
   101 0.290658 # ~nI1 ~nI1 -> h1 h1
   102 0.206880 # ~nI1 ~nI1 -> Z Z
   301  1.160836E+02  #Dark Matter Mass (GeV)
   302  8.597630E-26  #SigmaV=[cm^3/s]
   401  116.083610    0.000062
   402  115.611232    0.000000
   403  114.752489    0.000000
   404  113.649928    0.000000
   405  112.357975    0.000000
   406  110.910309    0.000000
   407  109.331286    0.000000
   408  107.640036    0.000000
   409  105.852365    0.000000
   410  103.981785    0.000000
   411  102.040107    0.000001
   412  100.037834    0.000001
   413   97.984413    0.000002
   414   95.888414    0.000003
   415   93.757663    0.000004
   416   91.599338    0.000006
   417   89.420043    0.000009
   418   87.225866    0.000012
   419   85.022430    0.000015
   420   82.814928    0.000018
   421   80.608156    0.000023
   422   78.406545    0.000027
   423   76.214179    0.000033
   424   74.034822    0.000039
   425   71.871932    0.000046
   426   69.728684    0.000056
   427   67.607980    0.000068
   428   65.512467    0.000189
   429   63.444550    0.000207
   430   61.406405    0.000230
   431   59.399990    0.000259
   432   57.427058    0.000297
   433   55.489166    0.000339
   434   53.587690    0.000387
   435   51.723827    0.000445
   436   49.898614    0.000510
   437   48.112929    0.000498
   438   46.367507    0.000602
   439   44.662943    0.000725
   440   42.999704    0.000868
   441   41.378134    0.001036
   442   39.798467    0.001236
   443   38.260826    0.001470
   444   36.765239    0.001745
   445   35.311641    0.002067
   446   33.899881    0.002448
   447   32.529730    0.002899
   448   31.200884    0.003431
   449   29.912975    0.004052
   450   28.665572    0.004772
   451   27.458188    0.005608
   452   26.290285    0.006577
   453   25.161280    0.007706
   454   24.070549    0.009012
   455   23.017429    0.010513
   456   22.001226    0.012242
   457   21.021217    0.014243
   458   20.076655    0.016562
   459   19.166770    0.019244
   460   18.290774    0.022327
   461   17.447867    0.025858
   462   16.637235    0.029899
   463   15.858053    0.034525
   464   15.109494    0.039816
   465   14.390724    0.045872
   466   13.700908    0.052809
   467   13.039211    0.060761
   468   12.404801    0.069835
   469   11.796848    0.080142
   470   11.214532    0.091802
   471   10.657035    0.105027
   472   10.123551    0.120139
   473    9.613284    0.137361
   474    9.125447    0.157000
   475    8.659265    0.179304
   476    8.213978    0.204506
   477    7.788838    0.232932
   478    7.383112    0.264985
   479    6.996082    0.301065
   480    6.627045    0.341618
   481    6.275315    0.387246
   482    5.940222    0.438432
   483    5.621112    0.495801
   484    5.317348    0.560106
   485    5.028312    0.631923
   486    4.753400    0.712052
   487    4.492028    0.801307
   488    4.243629    0.900451
   489    4.007651    1.010544
   490    3.783561    1.132437
   491    3.570844    1.267417
   492    3.369000    1.416511
   493    3.177547    1.581040
   494    2.996018    1.762263
   495    2.823963    1.961701
   496    2.660950    2.180476
   497    2.506561    2.420136
   498    2.360392    2.682258
   499    2.222057    2.968231
   500    2.091183    3.279832
   501    1.967412    3.618612
   502    1.850402    3.986614
   503    1.739820    4.385715
   504    1.635352    4.817784
   505    1.536694    5.284274
   506    1.443554    5.787308
   507    1.355655    6.327967
   508    1.272731    6.908402
   509    1.194525    7.530537
   510    1.120795    8.197357
   511    1.051308    8.913243
   512    0.985842    9.683739
   513    0.924184   10.514092
   514    0.866131   11.408279
   515    0.811492   12.366763
   516    0.760082   13.385846
   517    0.711726   14.459451
   518    0.666257   15.580022
   519    0.623517   16.741454
   520    0.583354   17.937842
   521    0.545625   19.168605
   522    0.510194   20.431755
   523    0.476931   21.728655
   524    0.445714   23.057125
   525    0.416424   24.417134
   526    0.388953   25.806870
   527    0.363195   27.223645
   528    0.339050   28.662994
   529    0.316424   30.118680
   530    0.295228   31.584264
   531    0.275378   33.052618
   532    0.256794   34.518739
   533    0.239400   35.975209
   534    0.223125   37.416885
   535    0.207901   38.834793
   536    0.193664   40.224438
   537    0.180355   41.573577
   538    0.167917   42.874146
   539    0.156295   44.115370
   540    0.145440   45.289669
   541    0.135304   46.390247
   542    0.125842   47.413000
   543    0.117011   48.341345
   544    0.108772   49.178847
   545    0.101088   49.911073
   546    0.093922   50.531782
   547    0.087242   51.040970
   548    0.081017   51.421694
   549    0.075217   51.680856
   550    0.069814   51.809875
   551    0.064784   51.800505
   552    0.060100   51.664045
   553    0.055742   51.386276
   554    0.051687   50.984499
   555    0.047915   50.453194
   556    0.044407   49.805183
   557    0.041146   49.027597
   558    0.038115   48.136017
   559    0.035299   47.127092
   560    0.032683   46.007178
   561    0.030253   44.788654
   562    0.027997   43.488260
   563    0.025904   42.115451
   564    0.023961   40.686762
   565    0.022158   39.207884
   566    0.020486   37.682466
   567    0.018936   36.121806
   568    0.017499   34.538900
   569    0.016167   32.948294
   570    0.014933   31.369460
   571    0.013790   29.810687
   572    0.012732   28.276961
   573    0.011752   26.772733
   574    0.010845   25.304330
   575    0.010005   23.878964
   576    0.009229   22.513273
   577    0.008510   21.216408
   578    0.007846   20.000139
   579    0.007232   18.861743
   580    0.006665   17.804898
   581    0.006140   16.821233
   582    0.005656   15.911199
   583    0.005209   15.078617
   584    0.004795   14.328456
   585    0.004414   13.663814
   586    0.004062   13.086192
   587    0.003738   12.596949
   588    0.003438   12.201978
   589    0.003162   11.910583
   590    0.002907   11.735525
   591    0.002672   11.679029
   592    0.002456   11.741439
   593    0.002257   11.912079
   594    0.002073   12.186447
   595    0.001904   12.552188
   596    0.001748   13.013569
   597    0.001605   13.568176
   598    0.001473   14.225668
   599    0.001352   14.985343
   600    0.001240   15.861628
   601    0.001138   16.858646
   602    0.001043   17.981461
   603    0.000956   19.238786
   604    0.000877   20.639854
   605    0.000803   22.193776
   606    0.000736   23.901727
   607    0.000674   25.792348
   608    0.000618   27.866023
   609    0.000566   30.125979
   610    0.000518   32.590198
   611    0.000474   35.263230
   612    0.000434   38.156465
   613    0.000397   41.280289
   614    0.000363   44.661081
   615    0.000332   48.324149
   616    0.000303   52.322090
   617    0.000277   56.675090
   618    0.000253   61.433347
   619    0.000232   66.626847
   620    0.000212   72.323203
   621    0.000193   78.512820
   622    0.000176   85.257238
   623    0.000161   92.563589
   624    0.000147  100.483772
   625    0.000134  109.037289
   626    0.000122  118.276011
   627    0.000112  128.275363
   628    0.000102  139.034277
   629    0.000093  150.709755
   630    0.000085  163.336842
   631    0.000077  177.024465
   632    0.000070  191.778913
   633    0.000064  207.862069
   634    0.000058  225.209610
   635    0.000053  244.027684
   636    0.000048  264.590079
   637    0.000044  286.848113
   638    0.000040  311.137212
   639    0.000037  337.636031
   640    0.000033  366.605698
   641    0.000030  398.300258
   642    0.000028  433.006471
   643    0.000025  471.014907
   644    0.000023  512.579467
   645    0.000021  557.946555
   646    0.000019  607.330927
   647    0.000017  660.936935
   648    0.000016  719.030876
   649    0.000014  781.887241
#CDM-nucleon cross sections[pb]:
   201 1.079896E-08 #proton SI
   202 0.000000E+00 #proton SD
   203 1.147272E-08 #neutron SI
   204 0.000000E+00 #neutron SD
