BLOCK DarkMatter
   1   1.857244E-01   #dark matter relick densisty
   2   1.551582E+00   #ratio omega_N/omega_0
   100 0.808390 # ~nR1 ~nR1 -> Wm Wp
   101 0.160740 # ~nR1 ~nR1 -> g g
   102 0.021960 # ~nR1 ~nR1 -> u2 U2
   301  7.685253E+01  #Dark Matter Mass (GeV)
   302  2.562685E-27  #SigmaV=[cm^3/s]
   401   76.852529    0.437242
   402   76.539794    0.000001
   403   75.971267    0.000003
   404   75.241323    0.000005
   405   74.385992    0.000007
   406   73.427573    0.000008
   407   72.382189    0.000010
   408   71.262506    0.000011
   409   70.078989    0.000013
   410   68.840581    0.000014
   411   67.555103    0.000015
   412   66.229509    0.000016
   413   64.870053    0.000017
   414   63.482408    0.000019
   415   62.071756    0.000020
   416   60.642849    0.000021
   417   59.200058    0.000023
   418   57.747415    0.000025
   419   56.288642    0.000027
   420   54.827177    0.000030
   421   53.366196    0.000034
   422   51.908631    0.000039
   423   50.457187    0.000045
   424   49.014355    0.000052
   425   47.582426    0.000062
   426   46.163500    0.000074
   427   44.759499    0.000088
   428   43.372176    0.000106
   429   42.003123    0.000129
   430   40.653780    0.000158
   431   39.325443    0.000193
   432   38.019274    0.000238
   433   36.736304    0.000293
   434   35.477441    0.000362
   435   34.243481    0.000447
   436   33.035109    0.000552
   437   31.852906    0.000683
   438   30.697358    0.000843
   439   29.568861    0.001039
   440   28.467722    0.001279
   441   27.394171    0.001570
   442   26.348360    0.001923
   443   25.330374    0.002349
   444   24.340229    0.002861
   445   23.377882    0.003476
   446   22.443234    0.004211
   447   21.536132    0.005088
   448   20.656377    0.006131
   449   19.803724    0.007364
   450   18.977888    0.008824
   451   18.178545    0.010547
   452   17.405342    0.012569
   453   16.657890    0.014944
   454   15.935777    0.017716
   455   15.238565    0.020953
   456   14.565793    0.024716
   457   13.916984    0.029078
   458   13.291641    0.034129
   459   12.689257    0.039970
   460   12.109309    0.046699
   461   11.551267    0.054450
   462   11.014592    0.063368
   463   10.498739    0.073611
   464   10.003159    0.085347
   465    9.527302    0.098801
   466    9.070612    0.114212
   467    8.632539    0.131764
   468    8.212531    0.151762
   469    7.810040    0.174512
   470    7.424520    0.200414
   471    7.055433    0.229667
   472    6.702243    0.262658
   473    6.364423    0.299983
   474    6.041453    0.342014
   475    5.732820    0.389251
   476    5.438020    0.442399
   477    5.156558    0.501917
   478    4.887950    0.568464
   479    4.631718    0.642783
   480    4.387400    0.725478
   481    4.154539    0.817564
   482    3.932692    0.919545
   483    3.721427    1.032366
   484    3.520322    1.157002
   485    3.328967    1.294105
   486    3.146963    1.444742
   487    2.973923    1.609984
   488    2.809471    1.791195
   489    2.653244    1.989120
   490    2.504886    2.205352
   491    2.364058    2.441166
   492    2.230428    2.698272
   493    2.103678    2.978140
   494    1.983497    3.283466
   495    1.869590    3.615181
   496    1.761668    3.976038
   497    1.659455    4.368348
   498    1.562685    4.794408
   499    1.471101    5.256496
   500    1.384456    5.758176
   501    1.302515    6.300895
   502    1.225048    6.888570
   503    1.151839    7.522324
   504    1.082676    8.205964
   505    1.017360    8.941792
   506    0.955697    9.731072
   507    0.897504   10.580280
   508    0.842604   11.481352
   509    0.790829   12.445546
   510    0.742016   13.466523
   511    0.696013   14.556758
   512    0.652671   15.708860
   513    0.611851   16.912908
   514    0.573418   18.193232
   515    0.537244   19.526434
   516    0.503208   20.925691
   517    0.471195   22.391602
   518    0.441092   23.907668
   519    0.412796   25.470678
   520    0.386207   27.095488
   521    0.361228   28.759808
   522    0.337771   30.457504
   523    0.315750   32.181290
   524    0.295082   33.946037
   525    0.275692   35.720099
   526    0.257504   37.489520
   527    0.240451   39.271350
   528    0.224466   41.054001
   529    0.209487   42.789988
   530    0.195454   44.496449
   531    0.182313   46.153755
   532    0.170009   47.760347
   533    0.158493   49.292547
   534    0.147718   50.750178
   535    0.137640   52.122277
   536    0.128214   53.398719
   537    0.119403   54.577825
   538    0.111168   55.646562
   539    0.103475   56.604655
   540    0.096288   57.443407
   541    0.089577   58.153833
   542    0.083313   58.729676
   543    0.077467   59.163654
   544    0.072012   59.458948
   545    0.066925   59.589008
   546    0.062181   59.550746
   547    0.057758   59.348934
   548    0.053637   58.979838
   549    0.049797   58.412078
   550    0.046220   57.676919
   551    0.042890   56.770742
   552    0.039789   55.674129
   553    0.036904   54.416007
   554    0.034219   53.023353
   555    0.031722   51.460211
   556    0.029399   49.809977
   557    0.027240   48.010788
   558    0.025234   46.139985
   559    0.023369   44.196740
   560    0.021637   42.180941
   561    0.020029   40.145830
   562    0.018536   38.073496
   563    0.017149   35.991890
   564    0.015863   33.912766
   565    0.014670   31.846942
   566    0.013563   29.810919
   567    0.012537   27.812363
   568    0.011585   25.867892
   569    0.010703   23.975634
   570    0.009887   22.148108
   571    0.009130   20.384433
   572    0.008429   18.708459
   573    0.007780   17.104020
   574    0.007180   15.593572
   575    0.006624   14.158897
   576    0.006110   12.821490
   577    0.005634   11.570471
   578    0.005195   10.408685
   579    0.004788    9.334060
   580    0.004412    8.342789
   581    0.004065    7.434787
   582    0.003744    6.603240
   583    0.003448    5.845807
   584    0.003175    5.159817
   585    0.002922    4.538441
   586    0.002689    3.979585
   587    0.002474    3.475611
   588    0.002276    3.023574
   589    0.002093    2.618790
   590    0.001925    2.257628
   591    0.001769    1.937162
   592    0.001626    1.654070
   593    0.001494    1.405764
   594    0.001373    1.188662
   595    0.001261    1.000255
   596    0.001157    0.837040
   597    0.001063    0.697322
   598    0.000975    0.577904
   599    0.000895    0.477641
   600    0.000821    0.393900
   601    0.000753    0.325534
   602    0.000691    0.270181
   603    0.000633    0.225658
   604    0.000580    0.190016
   605    0.000532    0.160855
   606    0.000487    0.137405
   607    0.000446    0.117984
   608    0.000409    0.101922
   609    0.000374    0.088557
   610    0.000343    0.079121
   611    0.000314    0.072001
   612    0.000287    0.066809
   613    0.000263    0.065271
   614    0.000240    0.064119
   615    0.000220    0.064852
   616    0.000201    0.065456
   617    0.000184    0.067056
   618    0.000168    0.069031
   619    0.000153    0.072190
   620    0.000140    0.075904
   621    0.000128    0.079220
   622    0.000117    0.067120
   623    0.000107    0.060438
   624    0.000097    0.064619
   625    0.000089    0.068636
   626    0.000081    0.072868
   627    0.000074    0.077040
   628    0.000067    0.081016
   629    0.000062    0.085490
   630    0.000056    0.090356
   631    0.000051    0.095306
   632    0.000047    0.101294
   633    0.000042    0.108198
   634    0.000039    0.116183
   635    0.000035    0.123757
   636    0.000032    0.132990
   637    0.000029    0.142426
   638    0.000027    0.152563
   639    0.000024    0.162198
   640    0.000022    0.172860
   641    0.000020    0.183521
   642    0.000018    0.195353
   643    0.000017    0.207080
   644    0.000015    0.220220
   645    0.000014    0.235167
   646    0.000012    0.249006
   647    0.000011    0.264774
   648    0.000010    0.277609
   649    0.000009    0.292795
#CDM-nucleon cross sections[pb]:
   201 1.404993E-10 #proton SI
   202 0.000000E+00 #proton SD
   203 2.722072E-10 #neutron SI
   204 0.000000E+00 #neutron SD
