BLOCK DarkMatter
   1   1.958210E-02   #dark matter relick densisty
   2   1.635932E-01   #ratio omega_N/omega_0
   100 0.266467 # ~nR1 ~N1 -> h2 nu4
   101 0.251493 # ~nR1 ~nR1 -> h2 h2
   102 0.168072 # ~nR1 ~N1 -> h1 nu4
   103 0.065378 # ~nR1 ~nR1 -> Wm Wp
   104 0.055308 # ~nR1 ~N1 -> Z nu4
   105 0.043665 # ~nR1 ~nR1 -> h1 h1
   106 0.031014 # ~nR1 ~nR1 -> h1 h2
   107 0.029712 # ~nR1 ~nR1 -> Z Z
   108 0.022767 # ~N1 ~N1 -> h2 Z
   109 0.021959 # ~N1 ~N1 -> h2 h2
   110 0.016693 # ~N1 ~N1 -> Wm Wp
   301  1.615175E+02  #Dark Matter Mass (GeV)
   302  1.870163E-25  #SigmaV=[cm^3/s]
   401  161.517550    0.000048
   402  160.860288    0.000000
   403  159.665441    0.000000
   404  158.131350    0.000000
   405  156.333739    0.000000
   406  154.319472    0.000000
   407  152.122436    0.000000
   408  149.769247    0.000000
   409  147.281901    0.000000
   410  144.679194    0.000000
   411  141.977563    0.000001
   412  139.191621    0.000001
   413  136.334512    0.000009
   414  133.418160    0.000023
   415  130.453455    0.000026
   416  127.450384    0.000266
   417  124.418135    0.000267
   418  121.365180    0.000269
   419  118.299341    0.000271
   420  115.227845    0.000274
   421  112.157365    0.000277
   422  109.094066    0.000280
   423  106.043630    0.000284
   424  103.011295    0.000289
   425  100.001873    0.000295
   426   97.019779    0.000302
   427   94.069053    0.000311
   428   91.153378    0.000321
   429   88.276099    0.000333
   430   85.440245    0.000347
   431   82.648539    0.000364
   432   79.903422    0.000385
   433   77.207060    0.000410
   434   74.561364    0.000439
   435   71.968005    0.000474
   436   69.428422    0.000516
   437   66.943839    0.000566
   438   64.515276    0.000624
   439   62.143563    0.000694
   440   59.829349    0.000777
   441   57.573114    0.000874
   442   55.375180    0.000989
   443   53.235723    0.001125
   444   51.154779    0.001284
   445   49.132257    0.001472
   446   47.167949    0.001692
   447   45.261534    0.001949
   448   43.412592    0.002251
   449   41.620608    0.002605
   450   39.884984    0.003021
   451   38.205042    0.003507
   452   36.580034    0.004077
   453   35.009149    0.004742
   454   33.491516    0.005519
   455   32.026215    0.006426
   456   30.612281    0.007244
   457   29.248707    0.008461
   458   27.934452    0.009899
   459   26.668448    0.011568
   460   25.449597    0.013517
   461   24.276785    0.015792
   462   23.148878    0.018421
   463   22.064734    0.021481
   464   21.023196    0.025030
   465   20.023107    0.029146
   466   19.063304    0.033917
   467   18.142625    0.039440
   468   17.259913    0.045827
   469   16.414014    0.053200
   470   15.603785    0.061713
   471   14.828090    0.071506
   472   14.085806    0.082779
   473   13.375825    0.095715
   474   12.697053    0.110558
   475   12.048413    0.127576
   476   11.428845    0.147032
   477   10.837310    0.169279
   478   10.272787    0.194650
   479    9.734277    0.223547
   480    9.220803    0.256383
   481    8.731410    0.293619
   482    8.265164    0.335776
   483    7.821158    0.383415
   484    7.398504    0.437175
   485    6.996341    0.497767
   486    6.613832    0.565938
   487    6.250162    0.642461
   488    5.904541    0.728245
   489    5.576204    0.824189
   490    5.264409    0.931282
   491    4.968436    1.050631
   492    4.687592    1.183366
   493    4.421206    1.330774
   494    4.168628    1.494182
   495    3.929234    1.674997
   496    3.702419    1.874727
   497    3.487603    2.094909
   498    3.284225    2.337145
   499    3.091747    2.603032
   500    2.909651    2.894302
   501    2.737438    3.212722
   502    2.574630    3.560006
   503    2.420768    3.938052
   504    2.275412    4.349496
   505    2.138140    4.797133
   506    2.008547    5.284453
   507    1.886245    5.815203
   508    1.770864    6.393096
   509    1.662050    7.021039
   510    1.559463    7.701579
   511    1.462779    8.436327
   512    1.371690    9.226551
   513    1.285900   10.072933
   514    1.205126   10.976302
   515    1.129102   11.937176
   516    1.057571   12.956561
   517    0.990289   14.034763
   518    0.927024   15.172736
   519    0.867555   16.370954
   520    0.811673   17.630076
   521    0.759178   18.950377
   522    0.709879   20.331560
   523    0.663597   21.773117
   524    0.620161   23.273929
   525    0.579409   24.832235
   526    0.541185   26.444758
   527    0.505345   28.107526
   528    0.471750   29.816036
   529    0.440269   31.564230
   530    0.410778   33.345828
   531    0.383158   35.154261
   532    0.357300   36.983110
   533    0.333099   38.825495
   534    0.310453   40.674721
   535    0.289271   42.524468
   536    0.269463   44.367685
   537    0.250945   46.196400
   538    0.233638   48.003307
   539    0.217468   49.780390
   540    0.202364   51.518619
   541    0.188261   53.209480
   542    0.175095   54.842775
   543    0.162808   56.409099
   544    0.151345   57.897798
   545    0.140652   59.297577
   546    0.130682   60.601640
   547    0.121388   61.799973
   548    0.112726   62.884559
   549    0.104656   63.847606
   550    0.097139   64.681196
   551    0.090139   65.375744
   552    0.083623   65.927104
   553    0.077559   66.322960
   554    0.071916   66.559691
   555    0.066668   66.632358
   556    0.061787   66.542924
   557    0.057250   66.282196
   558    0.053033   65.850895
   559    0.049114   65.258132
   560    0.045474   64.501339
   561    0.042094   63.584967
   562    0.038955   62.520883
   563    0.036042   61.313287
   564    0.033339   59.965252
   565    0.030831   58.496087
   566    0.028505   56.909580
   567    0.026348   55.216192
   568    0.024348   53.435320
   569    0.022495   51.583647
   570    0.020778   49.668683
   571    0.019188   47.699360
   572    0.017715   45.686523
   573    0.016351   43.649500
   574    0.015089   41.601514
   575    0.013921   39.555638
   576    0.012841   37.525722
   577    0.011841   35.521548
   578    0.010917   33.546179
   579    0.010063   31.614772
   580    0.009273   29.733268
   581    0.008544   27.914264
   582    0.007870   26.153415
   583    0.007247   24.468273
   584    0.006672   22.853999
   585    0.006142   21.327450
   586    0.005652   19.894734
   587    0.005200   18.560565
   588    0.004784   17.323156
   589    0.004399   16.187430
   590    0.004045   15.150868
   591    0.003718   14.213706
   592    0.003417   13.376606
   593    0.003140   12.635181
   594    0.002885   11.991612
   595    0.002649   11.446828
   596    0.002433   11.001871
   597    0.002233   10.656740
   598    0.002050   10.413068
   599    0.001881   10.270831
   600    0.001726   10.230134
   601    0.001583   10.290588
   602    0.001451   10.450098
   603    0.001331   10.705322
   604    0.001220   11.055259
   605    0.001118   11.497976
   606    0.001024   12.032510
   607    0.000938   12.661910
   608    0.000859   13.390682
   609    0.000787   14.222873
   610    0.000720   15.166607
   611    0.000659   16.224037
   612    0.000603   17.397167
   613    0.000552   18.688938
   614    0.000505   20.110823
   615    0.000462   21.665365
   616    0.000422   23.362011
   617    0.000386   25.214434
   618    0.000353   27.229200
   619    0.000322   29.414724
   620    0.000294   31.782767
   621    0.000269   34.348119
   622    0.000246   37.117337
   623    0.000224   40.114313
   624    0.000205   43.345867
   625    0.000187   46.843314
   626    0.000170   50.622917
   627    0.000155   54.711980
   628    0.000142   59.136350
   629    0.000129   63.939634
   630    0.000118   69.146484
   631    0.000107   74.785782
   632    0.000098   80.876989
   633    0.000089   87.443755
   634    0.000081   94.556017
   635    0.000074  102.240630
   636    0.000067  110.550995
   637    0.000061  119.529189
   638    0.000056  129.234900
   639    0.000051  139.719118
   640    0.000046  151.055670
   641    0.000042  163.309750
   642    0.000038  176.547614
   643    0.000035  190.836683
   644    0.000032  206.233218
   645    0.000029  222.831997
   646    0.000026  240.706724
   647    0.000024  259.988402
   648    0.000022  280.763699
   649    0.000020  303.144977
#CDM-nucleon cross sections[pb]:
   201 2.409336E-10 #proton SI
   202 0.000000E+00 #proton SD
   203 3.291493E-10 #neutron SI
   204 0.000000E+00 #neutron SD
