BLOCK DarkMatter
   1   5.569742E-02   #dark matter relick densisty
   2   4.653085E-01   #ratio omega_N/omega_0
   100 0.238491 # ~N1 ~N1 -> h2 Z
   101 0.195934 # ~N1 ~N1 -> h2 h2
   102 0.183775 # ~N1 ~N1 -> Wm Wp
   103 0.121159 # ~N1 ~N1 -> nu4 nu4
   104 0.099455 # ~N1 ~N1 -> Z Z
   105 0.071069 # ~N1 ~N1 -> h1 Z
   106 0.037935 # ~N1 ~N1 -> u3 U3
   107 0.027233 # ~N1 ~N1 -> h1 h2
   301  1.636962E+02  #Dark Matter Mass (GeV)
   302  3.173740E-26  #SigmaV=[cm^3/s]
   401  163.696183    0.000203
   402  163.030056    0.000000
   403  161.819092    0.000000
   404  160.264308    0.000000
   405  158.442450    0.000000
   406  156.401013    0.000000
   407  154.174342    0.000000
   408  151.789412    0.000000
   409  149.268516    0.000001
   410  146.630702    0.000011
   411  143.892631    0.000012
   412  141.069110    0.000012
   413  138.173463    0.000013
   414  135.217774    0.000014
   415  132.213080    0.000015
   416  129.169502    0.000016
   417  126.096352    0.000017
   418  123.002217    0.000020
   419  119.895025    0.000022
   420  116.782098    0.000025
   421  113.670203    0.000029
   422  110.565584    0.000033
   423  107.474002    0.000037
   424  104.400765    0.000042
   425  101.350750    0.000048
   426   98.328433    0.000055
   427   95.337906    0.000064
   428   92.382902    0.000073
   429   89.466813    0.000085
   430   86.592707    0.000099
   431   83.763346    0.000115
   432   80.981201    0.000134
   433   78.248469    0.000157
   434   75.567087    0.000184
   435   72.938747    0.000216
   436   70.364909    0.000253
   437   67.846812    0.000298
   438   65.385492    0.000351
   439   62.981788    0.000413
   440   60.636358    0.000486
   441   58.349690    0.000572
   442   56.122109    0.000673
   443   53.953794    0.000791
   444   51.844781    0.000929
   445   49.794979    0.001091
   446   47.804175    0.001279
   447   45.872045    0.001498
   448   43.998164    0.001754
   449   42.182009    0.002051
   450   40.422974    0.002397
   451   38.720372    0.002798
   452   37.073445    0.003261
   453   35.481370    0.003797
   454   33.943267    0.004415
   455   32.458202    0.005127
   456   31.025195    0.005947
   457   29.643229    0.006889
   458   28.311247    0.007972
   459   27.028165    0.009205
   460   25.792874    0.010628
   461   24.604243    0.012256
   462   23.461123    0.014115
   463   22.362354    0.016238
   464   21.306768    0.018658
   465   20.293189    0.021413
   466   19.320439    0.024550
   467   18.387342    0.028113
   468   17.492724    0.032155
   469   16.635415    0.036732
   470   15.814257    0.041932
   471   15.028099    0.047789
   472   14.275803    0.054425
   473   13.556245    0.061896
   474   12.868318    0.070317
   475   12.210928    0.079808
   476   11.583003    0.090460
   477   10.983489    0.102433
   478   10.411352    0.115830
   479    9.865578    0.130832
   480    9.345178    0.147604
   481    8.849184    0.166308
   482    8.376649    0.187145
   483    7.926653    0.210325
   484    7.498299    0.236074
   485    7.090712    0.264703
   486    6.703043    0.296513
   487    6.334468    0.331739
   488    5.984185    0.370774
   489    5.651419    0.413897
   490    5.335418    0.461480
   491    5.035453    0.513971
   492    4.750821    0.571803
   493    4.480841    0.635550
   494    4.224857    0.705770
   495    3.982233    0.782966
   496    3.752359    0.867782
   497    3.534646    0.960795
   498    3.328525    1.062632
   499    3.133450    1.173846
   500    2.948897    1.295021
   501    2.774362    1.426664
   502    2.609358    1.569448
   503    2.453421    1.723903
   504    2.306104    1.890874
   505    2.166980    2.071327
   506    2.035639    2.266444
   507    1.911688    2.477404
   508    1.794751    2.704874
   509    1.684469    2.949823
   510    1.580498    3.212571
   511    1.482510    3.493648
   512    1.390192    3.793406
   513    1.303244    4.112175
   514    1.221382    4.450418
   515    1.144332    4.808503
   516    1.071836    5.186942
   517    1.003646    5.585513
   518    0.939528    6.004849
   519    0.879257    6.444917
   520    0.822621    6.906782
   521    0.769418    7.390742
   522    0.719454    7.897404
   523    0.672548    8.427236
   524    0.628526    8.980128
   525    0.587224    9.555685
   526    0.548485   10.152912
   527    0.512162   10.769895
   528    0.478113   11.404733
   529    0.446208   12.054521
   530    0.416318   12.716668
   531    0.388327   13.388651
   532    0.362120   14.067538
   533    0.337592   14.749104
   534    0.314641   15.429789
   535    0.293173   16.105221
   536    0.273097   16.771092
   537    0.254329   17.424810
   538    0.236789   18.063060
   539    0.220401   18.684225
   540    0.205094   19.287092
   541    0.190800   19.872335
   542    0.177457   20.435447
   543    0.165004   20.974404
   544    0.153386   21.487427
   545    0.142550   21.968785
   546    0.132445   22.417345
   547    0.123025   22.832722
   548    0.114246   23.213603
   549    0.106067   23.556831
   550    0.098449   23.861591
   551    0.091355   24.123516
   552    0.084751   24.336600
   553    0.078605   24.497760
   554    0.072886   24.602883
   555    0.067567   24.647932
   556    0.062621   24.635958
   557    0.058022   24.566977
   558    0.053748   24.435679
   559    0.049777   24.251476
   560    0.046088   24.008299
   561    0.042662   23.705939
   562    0.039481   23.354193
   563    0.036528   22.946420
   564    0.033788   22.490564
   565    0.031247   21.995300
   566    0.028889   21.458422
   567    0.026703   20.887137
   568    0.024677   20.284221
   569    0.022798   19.654771
   570    0.021058   19.003015
   571    0.019447   18.332554
   572    0.017954   17.648189
   573    0.016572   16.954233
   574    0.015293   16.255973
   575    0.014109   15.555855
   576    0.013014   14.859983
   577    0.012001   14.173656
   578    0.011064   13.499352
   579    0.010198   12.843432
   580    0.009398   12.206104
   581    0.008659   11.592092
   582    0.007976   11.002918
   583    0.007345   10.447231
   584    0.006762    9.923455
   585    0.006225    9.439641
   586    0.005728    8.996378
   587    0.005271    8.595734
   588    0.004848    8.239571
   589    0.004459    7.927865
   590    0.004100    7.662385
   591    0.003769    7.445671
   592    0.003463    7.279444
   593    0.003182    7.165617
   594    0.002923    7.106393
   595    0.002685    7.101285
   596    0.002465    7.151399
   597    0.002263    7.257646
   598    0.002077    7.421236
   599    0.001906    7.643405
   600    0.001749    7.927768
   601    0.001604    8.280333
   602    0.001471    8.702593
   603    0.001349    9.194333
   604    0.001236    9.758419
   605    0.001133   10.393737
   606    0.001038   11.099779
   607    0.000951   11.882579
   608    0.000871   12.749484
   609    0.000798   13.708002
   610    0.000730   14.770041
   611    0.000668   15.940883
   612    0.000611   17.224049
   613    0.000559   18.627551
   614    0.000512   20.167537
   615    0.000468   21.849260
   616    0.000428   23.684941
   617    0.000391   25.693727
   618    0.000357   27.882496
   619    0.000327   30.261736
   620    0.000298   32.845567
   621    0.000273   35.655406
   622    0.000249   38.699357
   623    0.000227   42.011825
   624    0.000207   45.596417
   625    0.000189   49.496746
   626    0.000173   53.726160
   627    0.000158   58.323957
   628    0.000144   63.323902
   629    0.000131   68.791274
   630    0.000119   74.766186
   631    0.000109   81.282932
   632    0.000099   88.374255
   633    0.000090   96.070281
   634    0.000082  104.472804
   635    0.000075  113.629189
   636    0.000068  123.604239
   637    0.000062  134.472822
   638    0.000057  146.313137
   639    0.000052  159.211757
   640    0.000047  173.269662
   641    0.000043  188.587552
   642    0.000039  205.261293
   643    0.000035  223.394211
   644    0.000032  243.069017
   645    0.000029  264.432641
   646    0.000026  287.615032
   647    0.000024  312.813005
   648    0.000022  340.175436
   649    0.000020  369.847704
#CDM-nucleon cross sections[pb]:
   201 7.447429E-10 #proton SI
   202 1.325672E-03 #proton SD
   203 5.885554E-10 #neutron SI
   204 1.013600E-03 #neutron SD
