BLOCK DarkMatter
   1   3.874303E-02   #dark matter relick densisty
   2   3.236678E-01   #ratio omega_N/omega_0
   100 0.709145 # ~nI1 ~nI1 -> Wm Wp
   101 0.284269 # ~nI1 ~nI1 -> Z Z
   301  1.065180E+02  #Dark Matter Mass (GeV)
   302  6.743769E-26  #SigmaV=[cm^3/s]
   401  106.518035    0.000116
   402  106.084582    0.000000
   403  105.296601    0.000000
   404  104.284895    0.000000
   405  103.099401    0.000000
   406  101.771027    0.000000
   407  100.322119    0.000000
   408   98.770232    0.000000
   409   97.129870    0.000000
   410   95.413430    0.000000
   411   93.631751    0.000000
   412   91.794471    0.000001
   413   89.910256    0.000001
   414   87.986973    0.000002
   415   86.031801    0.000003
   416   84.051327    0.000005
   417   82.051611    0.000007
   418   80.038240    0.000010
   419   78.016373    0.000014
   420   75.990774    0.000019
   421   73.965846    0.000024
   422   71.945652    0.000030
   423   69.933943    0.000037
   424   67.934170    0.000046
   425   65.949508    0.000056
   426   63.982869    0.000070
   427   62.036916    0.000086
   428   60.114078    0.000105
   429   58.216563    0.000128
   430   56.346366    0.000154
   431   54.505284    0.000186
   432   52.694927    0.000224
   433   50.916723    0.000269
   434   49.171932    0.000323
   435   47.461657    0.000387
   436   45.786845    0.000464
   437   44.148306    0.000569
   438   42.546711    0.000691
   439   40.982607    0.000835
   440   39.456422    0.001002
   441   37.968474    0.001196
   442   36.518975    0.001423
   443   35.108040    0.001695
   444   33.735693    0.002020
   445   32.401875    0.002405
   446   31.106448    0.002857
   447   29.849200    0.003383
   448   28.629855    0.004000
   449   27.448073    0.004725
   450   26.303458    0.005577
   451   25.195566    0.006568
   452   24.123901    0.007715
   453   23.087929    0.009038
   454   22.087076    0.010572
   455   21.120736    0.012345
   456   20.188271    0.014395
   457   19.289017    0.016757
   458   18.422289    0.019475
   459   17.587381    0.022602
   460   16.783570    0.026201
   461   16.010120    0.030338
   462   15.266286    0.035071
   463   14.551311    0.040454
   464   13.864435    0.046565
   465   13.204893    0.053511
   466   12.571920    0.061420
   467   11.964748    0.070433
   468   11.382614    0.080659
   469   10.824759    0.092243
   470   10.290427    0.105280
   471    9.778869    0.120044
   472    9.289346    0.136802
   473    8.821126    0.155687
   474    8.373487    0.176867
   475    7.945720    0.200738
   476    7.537126    0.227413
   477    7.147019    0.257275
   478    6.774726    0.290710
   479    6.419588    0.328049
   480    6.080960    0.369690
   481    5.758214    0.416110
   482    5.450733    0.467814
   483    5.157918    0.525394
   484    4.879186    0.589303
   485    4.613966    0.660225
   486    4.361708    0.738802
   487    4.121874    0.825796
   488    3.893943    0.921833
   489    3.677410    1.028003
   490    3.471787    1.144825
   491    3.276598    1.273351
   492    3.091386    1.414524
   493    2.915709    1.569263
   494    2.749138    1.738796
   495    2.591262    1.924217
   496    2.441682    2.126884
   497    2.300014    2.347727
   498    2.165890    2.588339
   499    2.038954    2.849911
   500    1.918864    3.134284
   501    1.805293    3.442123
   502    1.697924    3.776043
   503    1.596455    4.137195
   504    1.500595    4.527379
   505    1.410066    4.947728
   506    1.324602    5.400798
   507    1.243946    5.887649
   508    1.167855    6.410434
   509    1.096093    6.970285
   510    1.028439    7.568788
   511    0.964678    8.207894
   512    0.904606    8.887725
   513    0.848029    9.610186
   514    0.794760   10.375317
   515    0.744623   11.184832
   516    0.697450   12.038341
   517    0.653078   12.935281
   518    0.611356   13.877118
   519    0.572138   14.861455
   520    0.535284   15.888617
   521    0.500665   16.957679
   522    0.468153   18.064923
   523    0.437631   19.210174
   524    0.408986   20.388185
   525    0.382110   21.597860
   526    0.356902   22.833407
   527    0.333266   24.090703
   528    0.311111   25.366328
   529    0.290350   26.653245
   530    0.270901   27.945966
   531    0.252686   29.237969
   532    0.235633   30.525100
   533    0.219673   31.801458
   534    0.204739   33.056737
   535    0.190769   34.285064
   536    0.177706   35.481860
   537    0.165494   36.635157
   538    0.154080   37.740444
   539    0.143416   38.785582
   540    0.133456   39.765443
   541    0.124155   40.670652
   542    0.115472   41.496655
   543    0.107369   42.227177
   544    0.099809   42.867316
   545    0.092758   43.404528
   546    0.086183   43.834212
   547    0.080053   44.154518
   548    0.074341   44.358150
   549    0.069019   44.452256
   550    0.064061   44.423119
   551    0.059445   44.279660
   552    0.055148   44.030358
   553    0.051149   43.649727
   554    0.047428   43.158519
   555    0.043966   42.564139
   556    0.040748   41.859982
   557    0.037755   41.037625
   558    0.034974   40.136663
   559    0.032390   39.145630
   560    0.029990   38.063162
   561    0.027760   36.918773
   562    0.025690   35.709776
   563    0.023769   34.442148
   564    0.021986   33.131321
   565    0.020332   31.789857
   566    0.018798   30.424461
   567    0.017376   29.052166
   568    0.016057   27.676971
   569    0.014835   26.310957
   570    0.013703   24.970050
   571    0.012654   23.658138
   572    0.011683   22.387449
   573    0.010783   21.164864
   574    0.009951   19.995603
   575    0.009181   18.888610
   576    0.008468   17.842003
   577    0.007809   16.864958
   578    0.007200   15.964942
   579    0.006636   15.128274
   580    0.006115   14.368438
   581    0.005634   13.687702
   582    0.005190   13.087334
   583    0.004779   12.571444
   584    0.004400   12.139219
   585    0.004050   11.796177
   586    0.003728   11.541359
   587    0.003430   11.377456
   588    0.003155   11.304014
   589    0.002901   11.323785
   590    0.002668   11.438806
   591    0.002452   11.649804
   592    0.002254   11.961688
   593    0.002071   12.374951
   594    0.001902   12.897720
   595    0.001747   13.526520
   596    0.001604   14.271272
   597    0.001473   15.120604
   598    0.001352   16.089716
   599    0.001240   17.163958
   600    0.001138   18.356908
   601    0.001044   19.667045
   602    0.000957   21.107327
   603    0.000878   22.690971
   604    0.000804   24.428590
   605    0.000737   26.348510
   606    0.000676   28.452338
   607    0.000619   30.778126
   608    0.000567   33.328207
   609    0.000519   36.111741
   610    0.000475   39.144603
   611    0.000435   42.424089
   612    0.000398   45.985234
   613    0.000364   49.820396
   614    0.000333   53.976144
   615    0.000305   58.492749
   616    0.000278   63.406703
   617    0.000255   68.781936
   618    0.000233   74.670214
   619    0.000213   81.114717
   620    0.000194   88.218786
   621    0.000177   95.950060
   622    0.000162  104.343955
   623    0.000148  113.477696
   624    0.000135  123.335230
   625    0.000123  133.969125
   626    0.000112  145.405935
   627    0.000103  157.660122
   628    0.000094  170.825225
   629    0.000085  185.070054
   630    0.000078  200.446544
   631    0.000071  217.132168
   632    0.000065  235.350221
   633    0.000059  255.325582
   634    0.000054  277.190717
   635    0.000049  301.151747
   636    0.000044  327.531612
   637    0.000040  356.360262
   638    0.000037  387.885166
   639    0.000034  422.203265
   640    0.000031  459.583802
   641    0.000028  500.184074
   642    0.000025  544.365219
   643    0.000023  592.524425
   644    0.000021  645.198920
   645    0.000019  703.039229
   646    0.000017  766.779345
   647    0.000016  837.236774
   648    0.000014  915.254211
   649    0.000013 1001.600149
#CDM-nucleon cross sections[pb]:
   201 1.072821E-08 #proton SI
   202 0.000000E+00 #proton SD
   203 1.137362E-08 #neutron SI
   204 0.000000E+00 #neutron SD
