BLOCK DarkMatter
   1   3.471327E+00   #dark matter relick densisty
   2   2.900023E+01   #ratio omega_N/omega_0
   100 0.246074 # ~N1 ~N1 -> h2 h2
   101 0.212821 # ~N1 ~N1 -> h2 Z
   102 0.148281 # ~N1 ~N1 -> Wm Wp
   103 0.115558 # ~N1 ~N1 -> u3 U3
   104 0.077002 # ~N1 ~N1 -> Z Z
   105 0.047494 # ~N1 ~N1 -> h1 Z
   106 0.034233 # ~nR1 ~nR1 -> Wm Wp
   107 0.033733 # ~N1 ~N1 -> h1 h2
   108 0.026601 # ~nR1 ~nR1 -> h1 h1
   109 0.015328 # ~nR1 ~nR1 -> Z Z
   301  1.482783E+02  #Dark Matter Mass (GeV)
   302  4.694566E-29  #SigmaV=[cm^3/s]
   401  148.278305    0.000004
   402  147.674918    0.000000
   403  146.578010    0.000000
   404  145.169665    0.000000
   405  143.519400    0.000000
   406  141.670238    0.000000
   407  139.653288    0.000000
   408  137.492985    0.000000
   409  135.209521    0.000001
   410  132.820153    0.000001
   411  130.339969    0.000002
   412  127.782384    0.000002
   413  125.159466    0.000003
   414  122.482161    0.000004
   415  119.760467    0.000028
   416  117.003551    0.000030
   417  114.219849    0.000032
   418  111.417138    0.000056
   419  108.602600    0.000072
   420  105.782867    0.000075
   421  102.964068    0.000081
   422  100.151861    0.000087
   423   97.351463    0.000094
   424   94.567681    0.000102
   425   91.804935    0.000112
   426   89.067277    0.000123
   427   86.358416    0.000136
   428   83.681732    0.000152
   429   81.040298    0.000170
   430   78.436892    0.000192
   431   75.874017    0.000218
   432   73.353911    0.000248
   433   70.878564    0.000285
   434   68.449730    0.000328
   435   66.068943    0.000379
   436   63.737524    0.000440
   437   61.456597    0.000511
   438   59.227098    0.000595
   439   57.049789    0.000694
   440   54.925266    0.000811
   441   52.853970    0.000950
   442   50.836196    0.001112
   443   48.872105    0.001302
   444   46.961732    0.001523
   445   45.104992    0.001781
   446   43.301694    0.002081
   447   41.551544    0.002431
   448   39.854155    0.002840
   449   38.209057    0.003317
   450   36.615698    0.003845
   451   35.073457    0.004476
   452   33.581648    0.005216
   453   32.139524    0.006074
   454   30.746289    0.007068
   455   29.401096    0.008216
   456   28.103058    0.009543
   457   26.851254    0.011047
   458   25.644726    0.012801
   459   24.482492    0.014817
   460   23.363548    0.017134
   461   22.286869    0.019801
   462   21.251415    0.022863
   463   20.256135    0.026376
   464   19.299970    0.030400
   465   18.381856    0.035007
   466   17.500726    0.040285
   467   16.655513    0.046320
   468   15.845155    0.053212
   469   15.068593    0.061065
   470   14.324776    0.070028
   471   13.612663    0.080226
   472   12.931223    0.091838
   473   12.279438    0.105007
   474   11.656303    0.119970
   475   11.060831    0.136947
   476   10.492047    0.156128
   477    9.948999    0.177840
   478    9.430749    0.202352
   479    8.936379    0.230005
   480    8.464994    0.261083
   481    8.015715    0.296019
   482    7.587687    0.335180
   483    7.180074    0.379039
   484    6.792064    0.428093
   485    6.422866    0.482941
   486    6.071711    0.544154
   487    5.737850    0.612386
   488    5.420559    0.688415
   489    5.119135    0.772953
   490    4.832896    0.866886
   491    4.561184    0.971157
   492    4.303361    1.086619
   493    4.058809    1.214480
   494    3.826935    1.355648
   495    3.607163    1.511315
   496    3.398940    1.682642
   497    3.201732    1.870791
   498    3.015024    2.077195
   499    2.838323    2.302815
   500    2.671153    2.549199
   501    2.513056    2.817598
   502    2.363593    3.109580
   503    2.222343    3.426500
   504    2.088902    3.770261
   505    1.962881    4.142679
   506    1.843911    4.546333
   507    1.731634    4.983704
   508    1.625711    5.457128
   509    1.525815    5.968866
   510    1.431637    6.520861
   511    1.342879    7.113883
   512    1.259256    7.748827
   513    1.180497    8.425986
   514    1.106345    9.145432
   515    1.036552    9.907356
   516    0.970884   10.712526
   517    0.909117   11.560500
   518    0.851038   12.451830
   519    0.796444   13.386732
   520    0.745142   14.365794
   521    0.696950   15.388603
   522    0.651692   16.454986
   523    0.609204   17.563761
   524    0.569328   18.713435
   525    0.531916   19.902248
   526    0.496826   21.127691
   527    0.463923   22.385395
   528    0.433082   23.671825
   529    0.404181   24.981185
   530    0.377107   26.307688
   531    0.351752   27.646061
   532    0.328013   28.989516
   533    0.305795   30.333429
   534    0.285006   31.670631
   535    0.265560   32.997541
   536    0.247375   34.310552
   537    0.230375   35.600786
   538    0.214487   36.863282
   539    0.199643   38.092341
   540    0.185777   39.280936
   541    0.172830   40.422940
   542    0.160743   41.511226
   543    0.149463   42.537587
   544    0.138939   43.501632
   545    0.129123   44.389226
   546    0.119970   45.203494
   547    0.111438   45.937620
   548    0.103486   46.589259
   549    0.096077   47.151999
   550    0.089176   47.625205
   551    0.082751   47.998023
   552    0.076769   48.276338
   553    0.071201   48.446641
   554    0.066022   48.505136
   555    0.061203   48.448322
   556    0.056723   48.276801
   557    0.052557   47.989868
   558    0.048686   47.573306
   559    0.045089   47.042142
   560    0.041747   46.400802
   561    0.038644   45.641602
   562    0.035762   44.790992
   563    0.033088   43.832606
   564    0.030606   42.793062
   565    0.028304   41.671781
   566    0.026168   40.478941
   567    0.024188   39.226012
   568    0.022352   37.922397
   569    0.020651   36.576021
   570    0.019075   35.195781
   571    0.017615   33.790361
   572    0.016263   32.376131
   573    0.015011   30.947940
   574    0.013852   29.530214
   575    0.012780   28.125902
   576    0.011788   26.740019
   577    0.010871   25.377067
   578    0.010022   24.056081
   579    0.009238   22.771033
   580    0.008513   21.529971
   581    0.007843   20.341260
   582    0.007225   19.207573
   583    0.006653   18.138837
   584    0.006125   17.133101
   585    0.005638   16.201139
   586    0.005189   15.348971
   587    0.004774   14.581578
   588    0.004392   13.902311
   589    0.004039   13.311757
   590    0.003713   12.811788
   591    0.003414   12.400647
   592    0.003137   12.078876
   593    0.002883   11.849268
   594    0.002648   11.712006
   595    0.002432   11.669814
   596    0.002233   11.724286
   597    0.002050   11.879792
   598    0.001882   12.136444
   599    0.001727   12.497457
   600    0.001584   12.965791
   601    0.001453   13.543304
   602    0.001333   14.232857
   603    0.001222   15.033809
   604    0.001120   15.952840
   605    0.001026   16.991311
   606    0.000940   18.153552
   607    0.000861   19.444801
   608    0.000789   20.877527
   609    0.000722   22.452588
   610    0.000661   24.190422
   611    0.000605   26.100356
   612    0.000554   28.193204
   613    0.000507   30.479255
   614    0.000464   32.990676
   615    0.000424   35.733219
   616    0.000388   38.727262
   617    0.000354   41.991111
   618    0.000324   45.542047
   619    0.000296   49.386321
   620    0.000270   53.559336
   621    0.000247   58.089917
   622    0.000225   62.972776
   623    0.000206   68.269028
   624    0.000188   73.995865
   625    0.000171   80.223678
   626    0.000156   87.003859
   627    0.000143   94.371757
   628    0.000130  102.371251
   629    0.000119  111.102408
   630    0.000108  120.602713
   631    0.000099  130.965606
   632    0.000090  142.206857
   633    0.000082  154.391383
   634    0.000075  167.685180
   635    0.000068  182.090437
   636    0.000062  197.788693
   637    0.000056  214.805975
   638    0.000051  233.351113
   639    0.000047  253.525199
   640    0.000042  275.496609
   641    0.000039  299.392637
   642    0.000035  325.379458
   643    0.000032  353.601581
   644    0.000029  384.199140
   645    0.000026  417.386405
   646    0.000024  453.284702
   647    0.000022  492.167981
   648    0.000020  534.233200
   649    0.000018  579.762727
#CDM-nucleon cross sections[pb]:
   201 1.060084E-11 #proton SI
   202 0.000000E+00 #proton SD
   203 1.144331E-11 #neutron SI
   204 0.000000E+00 #neutron SD
