BLOCK DarkMatter
   1   5.789906E-02   #dark matter relick densisty
   2   4.837014E-01   #ratio omega_N/omega_0
   100 0.266204 # ~N1 ~N1 -> h2 Z
   101 0.221306 # ~N1 ~N1 -> h2 h2
   102 0.203870 # ~N1 ~N1 -> Wm Wp
   103 0.110078 # ~N1 ~N1 -> Z Z
   104 0.080227 # ~N1 ~N1 -> h1 Z
   105 0.041344 # ~N1 ~N1 -> u3 U3
   106 0.033116 # ~N1 ~N1 -> h1 h2
   301  1.634498E+02  #Dark Matter Mass (GeV)
   302  2.404737E-26  #SigmaV=[cm^3/s]
   401  163.449751    0.000266
   402  162.784627    0.000000
   403  161.575486    0.000000
   404  160.023043    0.000000
   405  158.203927    0.000000
   406  156.165564    0.000000
   407  153.942245    0.000000
   408  151.560905    0.000000
   409  149.043804    0.000001
   410  146.409961    0.000059
   411  143.676011    0.000060
   412  140.856742    0.000061
   413  137.965453    0.000062
   414  135.014214    0.000063
   415  132.014043    0.000065
   416  128.975047    0.000066
   417  125.906523    0.000068
   418  122.817047    0.000071
   419  119.714532    0.000076
   420  116.606292    0.000080
   421  113.499081    0.000085
   422  110.399136    0.000091
   423  107.312208    0.000097
   424  104.243598    0.000105
   425  101.198175    0.000114
   426   98.180407    0.000125
   427   95.194382    0.000137
   428   92.243827    0.000152
   429   89.332128    0.000169
   430   86.462349    0.000190
   431   83.637247    0.000215
   432   80.859290    0.000244
   433   78.130672    0.000279
   434   75.453327    0.000320
   435   72.828944    0.000368
   436   70.258980    0.000426
   437   67.744674    0.000493
   438   65.287059    0.000574
   439   62.886974    0.000668
   440   60.545075    0.000780
   441   58.261849    0.000911
   442   56.037622    0.001065
   443   53.872571    0.001245
   444   51.766733    0.001456
   445   49.720016    0.001702
   446   47.732209    0.001990
   447   45.802988    0.002326
   448   43.931928    0.002717
   449   42.118507    0.003173
   450   40.362120    0.003704
   451   38.662081    0.004320
   452   37.017634    0.005035
   453   35.427956    0.005863
   454   33.892168    0.006819
   455   32.409338    0.007923
   456   30.978489    0.009199
   457   29.598603    0.010669
   458   28.268627    0.012363
   459   26.987477    0.014254
   460   25.754045    0.016498
   461   24.567203    0.019070
   462   23.425804    0.022019
   463   22.328690    0.025397
   464   21.274692    0.029260
   465   20.262639    0.033679
   466   19.291354    0.038730
   467   18.359662    0.044489
   468   17.466390    0.051050
   469   16.610372    0.058510
   470   15.790450    0.067011
   471   15.005475    0.076634
   472   14.254312    0.087573
   473   13.535838    0.099947
   474   12.848945    0.113950
   475   12.192546    0.129790
   476   11.565566    0.147647
   477   10.966954    0.167793
   478   10.395678    0.190432
   479    9.850726    0.215878
   480    9.331110    0.244430
   481    8.835862    0.276396
   482    8.364039    0.312145
   483    7.914720    0.352064
   484    7.487011    0.396573
   485    7.080037    0.446209
   486    6.692952    0.501514
   487    6.324931    0.562952
   488    5.975176    0.631206
   489    5.642911    0.706817
   490    5.327386    0.790466
   491    5.027873    0.882946
   492    4.743669    0.985044
   493    4.474096    1.097754
   494    4.218497    1.222050
   495    3.976238    1.358859
   496    3.746711    1.509304
   497    3.529324    1.674425
   498    3.323514    1.855344
   499    3.128733    2.053087
   500    2.944458    2.268743
   501    2.770185    2.503337
   502    2.605430    2.758164
   503    2.449727    3.034429
   504    2.302633    3.333836
   505    2.163718    3.658327
   506    2.032575    4.010114
   507    1.908810    4.391352
   508    1.792049    4.803418
   509    1.681933    5.247946
   510    1.578119    5.725623
   511    1.480278    6.237329
   512    1.388099    6.783695
   513    1.301282    7.365310
   514    1.219543    7.982936
   515    1.142609    8.637214
   516    1.070222    9.328989
   517    1.002135   10.058127
   518    0.938114   10.825625
   519    0.877934   11.631540
   520    0.821383   12.477257
   521    0.768260   13.363140
   522    0.718371   14.289854
   523    0.671536   15.257788
   524    0.627580   16.266474
   525    0.586340   17.315009
   526    0.547659   18.401715
   527    0.511391   19.523612
   528    0.477394   20.677524
   529    0.445536   21.858805
   530    0.415692   23.062984
   531    0.387742   24.285532
   532    0.361575   25.521043
   533    0.337083   26.762679
   534    0.314167   28.004427
   535    0.292731   29.239160
   536    0.272686   30.460082
   537    0.253947   31.662222
   538    0.236433   32.839870
   539    0.220069   33.989398
   540    0.204785   35.107636
   541    0.190513   36.193615
   542    0.177190   37.239578
   543    0.164756   38.241079
   544    0.153155   39.194014
   545    0.142335   40.088749
   546    0.132245   40.922331
   547    0.122840   41.692488
   548    0.114074   42.395783
   549    0.105908   43.026486
   550    0.098301   43.583027
   551    0.091218   44.056154
   552    0.084624   44.437686
   553    0.078487   44.722709
   554    0.072777   44.904943
   555    0.067466   44.977661
   556    0.062527   44.945272
   557    0.057935   44.807539
   558    0.053667   44.557282
   559    0.049702   44.207616
   560    0.046018   43.750693
   561    0.042598   43.183693
   562    0.039421   42.527708
   563    0.036473   41.773000
   564    0.033738   40.928161
   565    0.031200   40.008622
   566    0.028846   39.011246
   567    0.026663   37.950397
   568    0.024639   36.827801
   569    0.022764   35.658410
   570    0.021027   34.445385
   571    0.019417   33.197392
   572    0.017927   31.921582
   573    0.016547   30.628525
   574    0.015270   29.325609
   575    0.014088   28.017792
   576    0.012994   26.718710
   577    0.011983   25.435376
   578    0.011048   24.170605
   579    0.010183   22.938383
   580    0.009384   21.737721
   581    0.008646   20.577073
   582    0.007964   19.460152
   583    0.007334   18.400000
   584    0.006752   17.394109
   585    0.006215   16.456566
   586    0.005720   15.588029
   587    0.005263   14.792541
   588    0.004841   14.072340
   589    0.004452   13.427956
   590    0.004093   12.861467
   591    0.003763   12.376505
   592    0.003458   11.974587
   593    0.003178   11.658419
   594    0.002919   11.430795
   595    0.002681   11.290977
   596    0.002462   11.240706
   597    0.002260   11.281176
   598    0.002074   11.413966
   599    0.001903   11.640143
   600    0.001746   11.964393
   601    0.001602   12.393949
   602    0.001469   12.930581
   603    0.001347   13.573617
   604    0.001234   14.326387
   605    0.001131   15.186909
   606    0.001037   16.154037
   607    0.000950   17.235349
   608    0.000870   18.440445
   609    0.000796   19.779145
   610    0.000729   21.267332
   611    0.000667   22.912209
   612    0.000611   24.718825
   613    0.000559   26.697853
   614    0.000511   28.870628
   615    0.000467   31.244378
   616    0.000427   33.835505
   617    0.000391   36.669406
   618    0.000357   39.755848
   619    0.000326   43.109480
   620    0.000298   46.750015
   621    0.000272   50.706443
   622    0.000249   54.990295
   623    0.000227   59.647829
   624    0.000207   64.685318
   625    0.000189   70.161257
   626    0.000172   76.095336
   627    0.000157   82.540157
   628    0.000143   89.541722
   629    0.000131   97.187118
   630    0.000119  105.530351
   631    0.000109  114.619187
   632    0.000099  124.498109
   633    0.000090  135.209102
   634    0.000082  146.887689
   635    0.000075  159.597492
   636    0.000068  173.427555
   637    0.000062  188.476205
   638    0.000057  204.849965
   639    0.000051  222.664042
   640    0.000047  242.053473
   641    0.000043  263.151171
   642    0.000039  286.085398
   643    0.000035  310.993183
   644    0.000032  337.984655
   645    0.000029  367.253237
   646    0.000026  398.968765
   647    0.000024  433.389230
   648    0.000022  470.710406
   649    0.000020  511.123837
#CDM-nucleon cross sections[pb]:
   201 7.148103E-10 #proton SI
   202 1.320317E-03 #proton SD
   203 5.611899E-10 #neutron SI
   204 1.009506E-03 #neutron SD
