BLOCK DarkMatter
   1   1.145159E-02   #dark matter relick densisty
   2   9.566912E-02   #ratio omega_N/omega_0
   100 0.955452 # ~nR1 ~nR1 -> nu4 nu4
   101 0.025032 # ~nR1 ~nR1 -> g g
   102 0.011350 # ~nR1 ~nR1 -> d3 D3
   301  6.565744E+01  #Dark Matter Mass (GeV)
   302  4.202255E-25  #SigmaV=[cm^3/s]
   401   65.657442    0.017242
   402   65.390263    0.000000
   403   64.904554    0.000001
   404   64.280941    0.000001
   405   63.550205    0.000001
   406   62.731399    0.000001
   407   61.838296    0.000001
   408   60.881716    0.000002
   409   59.870602    0.000002
   410   58.812592    0.000002
   411   57.714370    0.000002
   412   56.581875    0.000002
   413   55.420450    0.000003
   414   54.234943    0.000003
   415   53.029781    0.000004
   416   51.809022    0.000004
   417   50.576402    0.000005
   418   49.335365    0.000005
   419   48.089091    0.000006
   420   46.840517    0.000007
   421   45.592357    0.000008
   422   44.347115    0.000010
   423   43.107102    0.000011
   424   41.874447    0.000013
   425   40.651107    0.000015
   426   39.438876    0.000018
   427   38.239395    0.000021
   428   37.054163    0.000024
   429   35.884539    0.000028
   430   34.731755    0.000033
   431   33.596917    0.000039
   432   32.481017    0.000045
   433   31.384937    0.000053
   434   30.309452    0.000063
   435   29.255243    0.000074
   436   28.222894    0.000087
   437   27.212902    0.000102
   438   26.225683    0.000120
   439   25.261573    0.000141
   440   24.320837    0.000166
   441   23.403670    0.000195
   442   22.510202    0.000229
   443   21.640505    0.000270
   444   20.794594    0.000317
   445   19.972432    0.000373
   446   19.173934    0.000438
   447   18.398970    0.000515
   448   17.647369    0.000604
   449   16.918921    0.000708
   450   16.213384    0.000829
   451   15.530482    0.000970
   452   14.869910    0.001135
   453   14.231340    0.001326
   454   13.614417    0.001548
   455   13.018767    0.001805
   456   12.443998    0.002102
   457   11.889700    0.002444
   458   11.355451    0.002837
   459   10.840816    0.003291
   460   10.345349    0.003812
   461    9.868597    0.004411
   462    9.410099    0.005099
   463    8.969391    0.005886
   464    8.546002    0.006785
   465    8.139462    0.007808
   466    7.749299    0.008977
   467    7.375040    0.010303
   468    7.016214    0.011809
   469    6.672354    0.013516
   470    6.342992    0.015455
   471    6.027670    0.017643
   472    5.725929    0.020107
   473    5.437319    0.022883
   474    5.161396    0.025998
   475    4.897721    0.029484
   476    4.645865    0.033385
   477    4.405404    0.037739
   478    4.175923    0.042579
   479    3.957017    0.047972
   480    3.748288    0.053953
   481    3.549348    0.060583
   482    3.359818    0.067914
   483    3.179328    0.075994
   484    3.007517    0.084884
   485    2.844037    0.094636
   486    2.688546    0.105302
   487    2.540712    0.116967
   488    2.400216    0.129688
   489    2.266746    0.143546
   490    2.140000    0.158632
   491    2.019686    0.175015
   492    1.905523    0.192791
   493    1.797236    0.212046
   494    1.694562    0.232884
   495    1.597247    0.255376
   496    1.505046    0.279632
   497    1.417723    0.305720
   498    1.335049    0.333778
   499    1.256806    0.363945
   500    1.182783    0.396531
   501    1.112778    0.431835
   502    1.046596    0.470261
   503    0.984051    0.512063
   504    0.924963    0.557336
   505    0.869161    0.605953
   506    0.816481    0.657648
   507    0.766765    0.712167
   508    0.719863    0.769044
   509    0.675629    0.828372
   510    0.633927    0.889948
   511    0.594625    0.954101
   512    0.557597    1.020691
   513    0.522723    1.089536
   514    0.489888    1.161184
   515    0.458984    1.235063
   516    0.429906    1.311451
   517    0.402556    1.390227
   518    0.376838    1.470873
   519    0.352664    1.553143
   520    0.329948    1.637163
   521    0.308608    1.722206
   522    0.288568    1.807875
   523    0.269755    1.893992
   524    0.252098    1.980644
   525    0.235532    2.066943
   526    0.219994    2.152284
   527    0.205425    2.236871
   528    0.191768    2.320112
   529    0.178971    2.400778
   530    0.166982    2.478907
   531    0.155755    2.554096
   532    0.145244    2.626052
   533    0.135406    2.693907
   534    0.126200    2.757195
   535    0.117590    2.815338
   536    0.109537    2.867922
   537    0.102010    2.914625
   538    0.094975    2.954898
   539    0.088401    2.988629
   540    0.082262    3.015223
   541    0.076529    3.034703
   542    0.071177    3.046070
   543    0.066182    3.049906
   544    0.061522    3.045907
   545    0.057176    3.033490
   546    0.053123    3.012904
   547    0.049344    2.984040
   548    0.045823    2.947188
   549    0.042543    2.902027
   550    0.039487    2.848803
   551    0.036642    2.787836
   552    0.033993    2.719860
   553    0.031528    2.645743
   554    0.029234    2.566265
   555    0.027101    2.481464
   556    0.025117    2.393644
   557    0.023272    2.300342
   558    0.021558    2.204646
   559    0.019965    2.106446
   560    0.018486    2.006405
   561    0.017111    1.906302
   562    0.015835    1.806084
   563    0.014651    1.706365
   564    0.013552    1.607484
   565    0.012533    1.509452
   566    0.011587    1.413260
   567    0.010710    1.319365
   568    0.009898    1.228478
   569    0.009144    1.141204
   570    0.008446    1.057819
   571    0.007800    0.978267
   572    0.007201    0.902911
   573    0.006647    0.830984
   574    0.006134    0.762980
   575    0.005659    0.698515
   576    0.005220    0.638411
   577    0.004813    0.582163
   578    0.004438    0.529706
   579    0.004091    0.481077
   580    0.003770    0.436417
   581    0.003473    0.396111
   582    0.003199    0.360263
   583    0.002946    0.328844
   584    0.002712    0.301418
   585    0.002497    0.277400
   586    0.002298    0.256305
   587    0.002114    0.237556
   588    0.001945    0.220991
   589    0.001788    0.206565
   590    0.001644    0.194408
   591    0.001512    0.184765
   592    0.001389    0.177890
   593    0.001276    0.173879
   594    0.001173    0.172635
   595    0.001077    0.173844
   596    0.000989    0.177097
   597    0.000908    0.182021
   598    0.000833    0.188498
   599    0.000765    0.196509
   600    0.000701    0.206071
   601    0.000643    0.217335
   602    0.000590    0.230271
   603    0.000541    0.244835
   604    0.000496    0.261008
   605    0.000454    0.278825
   606    0.000416    0.298305
   607    0.000381    0.319497
   608    0.000349    0.342536
   609    0.000320    0.367377
   610    0.000293    0.394310
   611    0.000268    0.423298
   612    0.000245    0.454562
   613    0.000224    0.488192
   614    0.000205    0.524420
   615    0.000188    0.563307
   616    0.000172    0.604583
   617    0.000157    0.648965
   618    0.000143    0.696545
   619    0.000131    0.747683
   620    0.000120    0.802276
   621    0.000109    0.860872
   622    0.000100    0.923199
   623    0.000091    0.989803
   624    0.000083    1.061709
   625    0.000076    1.138314
   626    0.000069    1.220395
   627    0.000063    1.308031
   628    0.000058    1.401769
   629    0.000053    1.501793
   630    0.000048    1.608046
   631    0.000044    1.721511
   632    0.000040    1.841403
   633    0.000036    1.969186
   634    0.000033    2.104947
   635    0.000030    2.248820
   636    0.000027    2.399915
   637    0.000025    2.560953
   638    0.000023    2.731012
   639    0.000021    2.910244
   640    0.000019    3.099731
   641    0.000017    3.298831
   642    0.000016    3.509939
   643    0.000014    3.729735
   644    0.000013    3.963352
   645    0.000012    4.205622
   646    0.000011    4.462413
   647    0.000010    4.729358
   648    0.000009    5.006041
   649    0.000008    5.292546
#CDM-nucleon cross sections[pb]:
   201 3.599317E-09 #proton SI
   202 0.000000E+00 #proton SD
   203 3.932459E-09 #neutron SI
   204 0.000000E+00 #neutron SD
