BLOCK DarkMatter
   1   6.155881E-02   #dark matter relick densisty
   2   5.142758E-01   #ratio omega_N/omega_0
   100 0.276998 # ~nI1 ~nI1 -> Wm Wp
   101 0.230912 # ~nI1 ~nI1 -> h1 h2
   102 0.125636 # ~nI1 ~nI1 -> Z Z
   103 0.073432 # ~nI1 ~nI1 -> h1 h1
   104 0.047385 # ~N1 ~N1 -> h2 h2
   105 0.046254 # ~N1 ~N1 -> h2 Z
   106 0.033473 # ~N1 ~N1 -> Wm Wp
   107 0.032176 # ~nI1 ~N1 -> Z nu4
   108 0.031139 # ~nI1 ~nI1 -> h2 h2
   109 0.029532 # ~nI1 ~N1 -> h1 nu4
   110 0.017670 # ~N1 ~N1 -> Z Z
   111 0.017645 # ~nI1 ~N1 -> h2 nu4
   112 0.012382 # ~N1 ~N1 -> u3 U3
   113 0.011933 # ~N1 ~N1 -> h1 Z
   301  1.595392E+02  #Dark Matter Mass (GeV)
   302  6.549914E-26  #SigmaV=[cm^3/s]
   401  159.539200    0.000016
   402  158.889989    0.000000
   403  157.709777    0.000000
   404  156.194476    0.000000
   405  154.418883    0.000000
   406  152.429288    0.000000
   407  150.259162    0.000000
   408  147.934796    0.000000
   409  145.477916    0.000001
   410  142.907089    0.000001
   411  140.238549    0.000002
   412  137.486731    0.000002
   413  134.664616    0.000009
   414  131.783986    0.000070
   415  128.855594    0.000078
   416  125.889306    0.000099
   417  122.894198    0.000101
   418  119.878637    0.000104
   419  116.850350    0.000108
   420  113.816475    0.000112
   421  110.783604    0.000117
   422  107.757826    0.000123
   423  104.744754    0.000129
   424  101.749560    0.000136
   425   98.776999    0.000145
   426   95.831431    0.000156
   427   92.916847    0.000168
   428   90.036884    0.000182
   429   87.194848    0.000200
   430   84.393729    0.000220
   431   81.636218    0.000245
   432   78.924724    0.000274
   433   76.261388    0.000308
   434   73.648099    0.000349
   435   71.086504    0.000397
   436   68.578027    0.000453
   437   66.123876    0.000521
   438   63.725060    0.000600
   439   61.382397    0.000693
   440   59.096528    0.000803
   441   56.867929    0.000932
   442   54.696916    0.001084
   443   52.583664    0.001261
   444   50.528209    0.001469
   445   48.530460    0.001711
   446   46.590212    0.001993
   447   44.707148    0.002321
   448   42.880852    0.002703
   449   41.110818    0.003149
   450   39.396452    0.003651
   451   37.737087    0.004269
   452   36.131983    0.004967
   453   34.580339    0.005776
   454   33.081295    0.006696
   455   31.633942    0.007777
   456   30.237326    0.008968
   457   28.890454    0.010409
   458   27.592297    0.012073
   459   26.341799    0.013991
   460   25.137877    0.016191
   461   23.979430    0.018728
   462   22.865339    0.021651
   463   21.794473    0.025010
   464   20.765693    0.028865
   465   19.777854    0.033285
   466   18.829807    0.038356
   467   17.920405    0.044163
   468   17.048505    0.050809
   469   16.212967    0.058398
   470   15.412662    0.067089
   471   14.646468    0.076973
   472   13.913276    0.088252
   473   13.211991    0.101052
   474   12.541533    0.115613
   475   11.900838    0.132168
   476   11.288859    0.150900
   477   10.704569    0.172142
   478   10.146960    0.196134
   479    9.615047    0.223247
   480    9.107862    0.253788
   481    8.624463    0.288129
   482    8.163928    0.326701
   483    7.725360    0.369953
   484    7.307883    0.418401
   485    6.910647    0.472644
   486    6.532823    0.533309
   487    6.173607    0.600978
   488    5.832220    0.676460
   489    5.507904    0.760417
   490    5.199927    0.853677
   491    4.907580    0.957190
   492    4.630176    1.071864
   493    4.367053    1.198877
   494    4.117569    1.339279
   495    3.881107    1.494242
   496    3.657070    1.665006
   497    3.444885    1.852768
   498    3.243998    2.058901
   499    3.053878    2.284496
   500    2.874012    2.531000
   501    2.703908    2.799655
   502    2.543094    3.091934
   503    2.391117    3.409239
   504    2.247542    3.753635
   505    2.111951    4.127291
   506    1.983945    4.533025
   507    1.863141    4.973650
   508    1.749174    5.451573
   509    1.641692    5.969215
   510    1.540362    6.528012
   511    1.444863    7.128926
   512    1.354889    7.772705
   513    1.270149    8.459784
   514    1.190365    9.190519
   515    1.115272    9.965150
   516    1.044617   10.784592
   517    0.978159   11.648365
   518    0.915669   12.557429
   519    0.856929   13.511795
   520    0.801731   14.512687
   521    0.749879   15.559946
   522    0.701184   16.653732
   523    0.655469   17.793716
   524    0.612565   18.978846
   525    0.572312   20.207714
   526    0.534557   21.477900
   527    0.499156   22.785750
   528    0.465972   24.127884
   529    0.434876   25.498769
   530    0.405746   26.893431
   531    0.378465   28.306113
   532    0.352924   29.730761
   533    0.329019   31.160373
   534    0.306651   32.587928
   535    0.285728   34.008676
   536    0.266162   35.416701
   537    0.247871   36.804987
   538    0.230776   38.168778
   539    0.214804   39.502693
   540    0.199886   40.800495
   541    0.185955   42.058448
   542    0.172951   43.268256
   543    0.160814   44.421498
   544    0.149491   45.514867
   545    0.138930   46.535690
   546    0.129081   47.482875
   547    0.119901   48.351030
   548    0.111345   49.135634
   549    0.103374   49.832137
   550    0.095949   50.436386
   551    0.089035   50.939905
   552    0.082599   51.340411
   553    0.076609   51.625978
   554    0.071036   51.792873
   555    0.065851   51.838290
   556    0.061031   51.759768
   557    0.056549   51.556833
   558    0.052383   51.224838
   559    0.048513   50.776474
   560    0.044917   50.204566
   561    0.041578   49.507683
   562    0.038478   48.705737
   563    0.035601   47.784474
   564    0.032930   46.775715
   565    0.030453   45.673265
   566    0.028155   44.485250
   567    0.026025   43.220357
   568    0.024050   41.892294
   569    0.022220   40.510799
   570    0.020524   39.083118
   571    0.018953   37.616718
   572    0.017498   36.121634
   573    0.016151   34.612008
   574    0.014904   33.090723
   575    0.013751   31.572952
   576    0.012683   30.069695
   577    0.011696   28.585870
   578    0.010783   27.130919
   579    0.009939   25.712511
   580    0.009160   24.330271
   581    0.008439   22.998330
   582    0.007773   21.714084
   583    0.007158   20.493699
   584    0.006591   19.337504
   585    0.006067   18.249389
   586    0.005583   17.243531
   587    0.005137   16.321234
   588    0.004725   15.484564
   589    0.004345   14.735332
   590    0.003995   14.074467
   591    0.003673   13.505213
   592    0.003375   13.026701
   593    0.003102   12.642052
   594    0.002849   12.352246
   595    0.002617   12.158366
   596    0.002403   12.062937
   597    0.002206   12.067501
   598    0.002025   12.173527
   599    0.001858   12.382496
   600    0.001704   12.700076
   601    0.001563   13.130330
   602    0.001434   13.676503
   603    0.001314   14.336755
   604    0.001205   15.114208
   605    0.001104   16.007164
   606    0.001012   17.014709
   607    0.000927   18.143446
   608    0.000849   19.403584
   609    0.000777   20.801272
   610    0.000712   22.356462
   611    0.000651   24.074637
   612    0.000596   25.962120
   613    0.000545   28.026483
   614    0.000499   30.296175
   615    0.000456   32.774510
   616    0.000417   35.479791
   617    0.000381   38.438218
   618    0.000348   41.659942
   619    0.000318   45.157817
   620    0.000291   48.955511
   621    0.000266   53.080407
   622    0.000243   57.537196
   623    0.000221   62.375916
   624    0.000202   67.603375
   625    0.000184   73.285883
   626    0.000168   79.453780
   627    0.000154   86.154707
   628    0.000140   93.437230
   629    0.000128  101.391031
   630    0.000116  110.057487
   631    0.000106  119.497798
   632    0.000097  129.735931
   633    0.000088  140.815057
   634    0.000080  152.889508
   635    0.000073  165.996948
   636    0.000067  180.260070
   637    0.000061  195.746365
   638    0.000055  212.597911
   639    0.000050  230.913247
   640    0.000046  250.853180
   641    0.000042  272.548928
   642    0.000038  296.140079
   643    0.000034  321.768741
   644    0.000031  349.551515
   645    0.000028  379.694466
   646    0.000026  412.353564
   647    0.000023  447.815117
   648    0.000021  486.281415
   649    0.000019  527.997026
#CDM-nucleon cross sections[pb]:
   201 7.166494E-09 #proton SI
   202 0.000000E+00 #proton SD
   203 7.663333E-09 #neutron SI
   204 0.000000E+00 #neutron SD
