BLOCK DarkMatter
   1   3.000825E-02   #dark matter relick densisty
   2   2.506955E-01   #ratio omega_N/omega_0
   100 0.512265 # ~nI1 ~nI1 -> Wm Wp
   101 0.265059 # ~nI1 ~nI1 -> h1 h1
   102 0.214648 # ~nI1 ~nI1 -> Z Z
   301  1.153808E+02  #Dark Matter Mass (GeV)
   302  7.938492E-26  #SigmaV=[cm^3/s]
   401  115.380786    0.000070
   402  114.911268    0.000000
   403  114.057724    0.000000
   404  112.961839    0.000000
   405  111.677707    0.000000
   406  110.238807    0.000000
   407  108.669344    0.000000
   408  106.988333    0.000000
   409  105.211486    0.000000
   410  103.352231    0.000000
   411  101.422309    0.000001
   412   99.432159    0.000001
   413   97.391170    0.000002
   414   95.307861    0.000003
   415   93.190011    0.000005
   416   91.044753    0.000007
   417   88.878653    0.000009
   418   86.697761    0.000012
   419   84.507665    0.000016
   420   82.313528    0.000020
   421   80.120117    0.000024
   422   77.931835    0.000030
   423   75.752743    0.000035
   424   73.586580    0.000042
   425   71.436786    0.000050
   426   69.306514    0.000061
   427   67.198650    0.000074
   428   65.115824    0.000091
   429   63.060427    0.000109
   430   61.034622    0.000256
   431   59.040355    0.000285
   432   57.079368    0.000327
   433   55.153209    0.000372
   434   53.263245    0.000423
   435   51.410667    0.000361
   436   49.596505    0.000435
   437   47.821631    0.000525
   438   46.086777    0.000634
   439   44.392533    0.000762
   440   42.739364    0.000911
   441   41.127612    0.001086
   442   39.557508    0.001293
   443   38.029177    0.001535
   444   36.542646    0.001820
   445   35.097848    0.002155
   446   33.694636    0.002551
   447   32.332780    0.003019
   448   31.011980    0.003569
   449   29.731868    0.004211
   450   28.492017    0.004957
   451   27.291943    0.005823
   452   26.131112    0.006827
   453   25.008942    0.007994
   454   23.924815    0.009342
   455   22.878071    0.010894
   456   21.868020    0.012680
   457   20.893945    0.014743
   458   19.955101    0.017129
   459   19.050725    0.019885
   460   18.180034    0.023053
   461   17.342230    0.026683
   462   16.536505    0.030835
   463   15.762041    0.035579
   464   15.018015    0.040994
   465   14.303596    0.047178
   466   13.617956    0.054244
   467   12.960266    0.062333
   468   12.329696    0.071553
   469   11.725425    0.082005
   470   11.146634    0.093800
   471   10.592512    0.107151
   472   10.062259    0.122374
   473    9.555081    0.139684
   474    9.070197    0.159365
   475    8.606838    0.181677
   476    8.164247    0.206817
   477    7.741681    0.235108
   478    7.338411    0.266936
   479    6.953725    0.302672
   480    6.586922    0.342754
   481    6.237322    0.387748
   482    5.904257    0.438121
   483    5.587079    0.494483
   484    5.285154    0.557526
   485    4.997868    0.627796
   486    4.724621    0.706050
   487    4.464831    0.793063
   488    4.217936    0.889515
   489    3.983387    0.996467
   490    3.760654    1.114685
   491    3.549225    1.245415
   492    3.348603    1.389611
   493    3.158308    1.548515
   494    2.977878    1.723304
   495    2.806866    1.915445
   496    2.644840    2.126012
   497    2.491385    2.356449
   498    2.346101    2.608267
   499    2.208603    2.882723
   500    2.078522    3.181580
   501    1.955501    3.506226
   502    1.839198    3.858738
   503    1.729287    4.240855
   504    1.625451    4.654390
   505    1.527390    5.100698
   506    1.434814    5.581942
   507    1.347448    6.099145
   508    1.265025    6.654390
   509    1.187293    7.249095
   510    1.114009    7.885656
   511    1.044943    8.567770
   512    0.979873    9.300339
   513    0.918588   10.088165
   514    0.860887   10.935039
   515    0.806579   11.841300
   516    0.755480   12.803528
   517    0.707417   13.816376
   518    0.662224   14.873446
   519    0.619742   15.969909
   520    0.579822   17.101445
   521    0.542322   18.268522
   522    0.507105   19.468976
   523    0.474044   20.704201
   524    0.443015   21.971363
   525    0.413903   23.270235
   526    0.386598   24.598699
   527    0.360996   25.953425
   528    0.336997   27.330454
   529    0.314508   28.723348
   530    0.293441   30.125620
   531    0.273711   31.530756
   532    0.255239   32.933703
   533    0.237950   34.327427
   534    0.221774   35.706753
   535    0.206642   37.062929
   536    0.192492   38.391909
   537    0.179263   39.681432
   538    0.166900   40.924006
   539    0.155349   42.108383
   540    0.144560   43.228194
   541    0.134485   44.276738
   542    0.125080   45.250908
   543    0.116303   46.132578
   544    0.108114   46.926913
   545    0.100476   47.618726
   546    0.093353   48.202751
   547    0.086714   48.680678
   548    0.080526   49.034041
   549    0.074761   49.272117
   550    0.069391   49.385830
   551    0.064391   49.366184
   552    0.059737   49.227550
   553    0.055404   48.951910
   554    0.051374   48.557997
   555    0.047625   48.041751
   556    0.044138   47.414238
   557    0.040897   46.660499
   558    0.037884   45.801211
   559    0.035085   44.832360
   560    0.032485   43.755433
   561    0.030070   42.588057
   562    0.027828   41.344237
   563    0.025747   40.030009
   564    0.023816   38.663776
   565    0.022024   37.250774
   566    0.020362   35.792218
   567    0.018822   34.301254
   568    0.017393   32.790779
   569    0.016069   31.275748
   570    0.014843   29.773812
   571    0.013707   28.293074
   572    0.012655   26.839131
   573    0.011681   25.416339
   574    0.010779   24.030288
   575    0.009945   22.689037
   576    0.009173   21.406399
   577    0.008459   20.191746
   578    0.007799   19.056758
   579    0.007188   17.995809
   580    0.006624   17.015251
   581    0.006103   16.107100
   582    0.005622   15.272618
   583    0.005177   14.516459
   584    0.004766   13.843943
   585    0.004387   13.258492
   586    0.004038   12.760203
   587    0.003715   12.348436
   588    0.003417   12.028956
   589    0.003143   11.810338
   590    0.002890   11.703295
   591    0.002656   11.709686
   592    0.002441   11.830706
   593    0.002243   12.056054
   594    0.002061   12.384687
   595    0.001893   12.805745
   596    0.001738   13.325479
   597    0.001595   13.941090
   598    0.001464   14.662961
   599    0.001344   15.488508
   600    0.001233   16.432180
   601    0.001131   17.497791
   602    0.001037   18.691333
   603    0.000951   20.022998
   604    0.000871   21.502206
   605    0.000799   23.141610
   606    0.000732   24.941895
   607    0.000670   26.934635
   608    0.000614   29.118717
   609    0.000562   31.497619
   610    0.000515   34.090028
   611    0.000471   36.898498
   612    0.000431   39.938269
   613    0.000394   43.218203
   614    0.000361   46.768057
   615    0.000330   50.615346
   616    0.000302   54.815650
   617    0.000276   59.393669
   618    0.000252   64.400256
   619    0.000230   69.868411
   620    0.000210   75.871614
   621    0.000192   82.394822
   622    0.000175   89.502425
   623    0.000160   97.207010
   624    0.000146  105.558792
   625    0.000133  114.584989
   626    0.000122  124.340336
   627    0.000111  134.902018
   628    0.000101  146.273481
   629    0.000092  158.630542
   630    0.000084  172.000379
   631    0.000077  186.500058
   632    0.000070  202.147614
   633    0.000064  219.208629
   634    0.000058  237.626448
   635    0.000053  257.610794
   636    0.000048  279.471510
   637    0.000044  303.149761
   638    0.000040  329.017958
   639    0.000036  357.265423
   640    0.000033  388.173700
   641    0.000030  422.017194
   642    0.000027  459.110695
   643    0.000025  499.766823
   644    0.000023  544.280850
   645    0.000021  592.946511
   646    0.000019  646.027984
   647    0.000017  703.797356
   648    0.000015  766.585656
   649    0.000014  834.741797
#CDM-nucleon cross sections[pb]:
   201 1.089801E-08 #proton SI
   202 0.000000E+00 #proton SD
   203 1.157682E-08 #neutron SI
   204 0.000000E+00 #neutron SD
