BLOCK DarkMatter
   1   1.041513E+01   #dark matter relick densisty
   2   8.701024E+01   #ratio omega_N/omega_0
   100 0.665493 # ~nR1 ~nR1 -> Wm Wp
   101 0.259634 # ~nR1 ~nR1 -> Z Z
   102 0.038627 # ~nI1 ~nR1 -> nu4 nu4
   103 0.011801 # ~nI1 ~nI1 -> Wm Wp
   301  1.033854E+02  #Dark Matter Mass (GeV)
   302  2.162917E-28  #SigmaV=[cm^3/s]
   401  103.385375    0.000272
   402  102.964670    0.000000
   403  102.199863    0.000000
   404  101.217911    0.000000
   405  100.067282    0.000000
   406   98.777975    0.000000
   407   97.371679    0.000000
   408   95.865432    0.000000
   409   94.273313    0.000000
   410   92.607353    0.000000
   411   90.878073    0.000000
   412   89.094826    0.000000
   413   87.266025    0.000001
   414   85.399305    0.000001
   415   83.501634    0.000002
   416   81.579406    0.000003
   417   79.638501    0.000005
   418   77.684342    0.000008
   419   75.721937    0.000011
   420   73.755910    0.000015
   421   71.790535    0.000021
   422   69.829755    0.000027
   423   67.877209    0.000034
   424   65.936249    0.000043
   425   64.009955    0.000054
   426   62.101154    0.000067
   427   60.212431    0.000082
   428   58.346143    0.000100
   429   56.504433    0.000121
   430   54.689238    0.000147
   431   52.902302    0.000178
   432   51.145187    0.000216
   433   49.419279    0.000261
   434   47.725802    0.000313
   435   46.065825    0.000375
   436   44.440269    0.000449
   437   42.849919    0.000539
   438   41.295426    0.000649
   439   39.777322    0.000788
   440   38.296022    0.000959
   441   36.851834    0.001156
   442   35.444964    0.001387
   443   34.075524    0.001662
   444   32.743538    0.001990
   445   31.448947    0.002378
   446   30.191618    0.002832
   447   28.971345    0.003362
   448   27.787860    0.003987
   449   26.640834    0.004719
   450   25.529882    0.005578
   451   24.454572    0.006575
   452   23.414425    0.007733
   453   22.408921    0.009072
   454   21.437503    0.010628
   455   20.499582    0.012434
   456   19.594540    0.014529
   457   18.721734    0.016944
   458   17.880496    0.019727
   459   17.070142    0.022933
   460   16.289970    0.026627
   461   15.539268    0.030869
   462   14.817309    0.035708
   463   14.123362    0.041206
   464   13.456687    0.047450
   465   12.816542    0.054562
   466   12.202184    0.062674
   467   11.612869    0.071921
   468   11.047856    0.082412
   469   10.506406    0.094311
   470    9.987789    0.107703
   471    9.491276    0.122901
   472    9.016149    0.140101
   473    8.561699    0.159490
   474    8.127226    0.181259
   475    7.712039    0.205754
   476    7.315462    0.233209
   477    6.936827    0.263954
   478    6.575483    0.298341
   479    6.230790    0.336763
   480    5.902121    0.379622
   481    5.588867    0.427373
   482    5.290429    0.480566
   483    5.006226    0.539773
   484    4.735690    0.605505
   485    4.478271    0.678447
   486    4.233432    0.759347
   487    4.000651    0.848899
   488    3.779424    0.947879
   489    3.569259    1.057329
   490    3.369682    1.177825
   491    3.180234    1.310452
   492    3.000470    1.456237
   493    2.829959    1.616120
   494    2.668287    1.791220
   495    2.515054    1.982655
   496    2.369873    2.191955
   497    2.232371    2.419975
   498    2.102192    2.668181
   499    1.978989    2.938137
   500    1.862431    3.231209
   501    1.752200    3.548438
   502    1.647989    3.892264
   503    1.549504    4.263867
   504    1.456463    4.665380
   505    1.368597    5.097678
   506    1.285646    5.563460
   507    1.207362    6.064073
   508    1.133508    6.601430
   509    1.063858    7.177095
   510    0.998193    7.792723
   511    0.936307    8.450172
   512    0.878002    9.149551
   513    0.823088    9.893149
   514    0.771386   10.680328
   515    0.722724   11.513219
   516    0.676938   12.391321
   517    0.633872   13.313562
   518    0.593376   14.281844
   519    0.555311   15.293244
   520    0.519542   16.348511
   521    0.485940   17.445781
   522    0.454385   18.582613
   523    0.424760   19.757859
   524    0.396958   20.966115
   525    0.370872   22.206027
   526    0.346406   23.471220
   527    0.323465   24.757903
   528    0.301961   26.061282
   529    0.281811   27.375291
   530    0.262934   28.692987
   531    0.245255   30.007670
   532    0.228704   31.314903
   533    0.213212   32.607343
   534    0.198717   33.876322
   535    0.185159   35.114892
   536    0.172480   36.318642
   537    0.160626   37.474411
   538    0.149549   38.576704
   539    0.139198   39.618258
   540    0.129531   40.588936
   541    0.120504   41.481328
   542    0.112076   42.288128
   543    0.104212   42.999674
   544    0.096874   43.611978
   545    0.090030   44.119616
   546    0.083648   44.517634
   547    0.077699   44.797839
   548    0.072154   44.963479
   549    0.066989   45.010053
   550    0.062177   44.932659
   551    0.057697   44.739347
   552    0.053526   44.433822
   553    0.049644   44.000257
   554    0.046033   43.447772
   555    0.042673   42.793314
   556    0.039549   42.029613
   557    0.036645   41.145490
   558    0.033946   40.182010
   559    0.031438   39.132625
   560    0.029108   37.992996
   561    0.026944   36.794354
   562    0.024935   35.532152
   563    0.023070   34.218943
   564    0.021340   32.867807
   565    0.019734   31.489545
   566    0.018245   30.094627
   567    0.016865   28.696273
   568    0.015585   27.298202
   569    0.014399   25.916331
   570    0.013300   24.559884
   571    0.012282   23.235422
   572    0.011339   21.955591
   573    0.010466   20.725872
   574    0.009658   19.554497
   575    0.008911   18.450144
   576    0.008219   17.413236
   577    0.007579   16.447627
   578    0.006988   15.562989
   579    0.006441   14.748387
   580    0.005936   14.012242
   581    0.005469   13.355295
   582    0.005037   12.778599
   583    0.004639   12.285035
   584    0.004271   11.874676
   585    0.003931   11.552379
   586    0.003618   11.318400
   587    0.003329   11.176673
   588    0.003062   11.127491
   589    0.002816   11.174235
   590    0.002589   11.319843
   591    0.002380   11.563068
   592    0.002187   11.908949
   593    0.002010   12.358434
   594    0.001846   12.915281
   595    0.001696   13.579782
   596    0.001557   14.357212
   597    0.001429   15.237529
   598    0.001312   16.234836
   599    0.001204   17.333457
   600    0.001105   18.548351
   601    0.001013   19.874086
   602    0.000929   21.322473
   603    0.000852   22.904473
   604    0.000781   24.640434
   605    0.000716   26.547390
   606    0.000656   28.639744
   607    0.000601   30.954065
   608    0.000550   33.505356
   609    0.000504   36.306928
   610    0.000461   39.372481
   611    0.000422   42.710562
   612    0.000386   46.342419
   613    0.000353   50.264120
   614    0.000323   54.517841
   615    0.000296   59.146394
   616    0.000270   64.173256
   617    0.000247   69.660550
   618    0.000226   75.685494
   619    0.000206   82.282846
   620    0.000188   89.569236
   621    0.000172   97.526382
   622    0.000157  106.181094
   623    0.000144  115.600534
   624    0.000131  125.752695
   625    0.000120  136.651714
   626    0.000109  148.290997
   627    0.000100  160.645097
   628    0.000091  173.831088
   629    0.000083  187.945495
   630    0.000075  203.122389
   631    0.000069  219.593601
   632    0.000063  237.657093
   633    0.000057  257.601699
   634    0.000052  279.636012
   635    0.000047  304.018761
   636    0.000043  330.935334
   637    0.000039  360.536635
   638    0.000036  392.815001
   639    0.000033  427.781317
   640    0.000030  465.640536
   641    0.000027  506.430456
   642    0.000024  550.478862
   643    0.000022  598.148520
   644    0.000020  650.040519
   645    0.000018  706.864523
   646    0.000017  769.393732
   647    0.000015  838.497005
   648    0.000014  915.004415
   649    0.000013  999.671043
#CDM-nucleon cross sections[pb]:
   201 8.483467E-12 #proton SI
   202 0.000000E+00 #proton SD
   203 8.654815E-12 #neutron SI
   204 0.000000E+00 #neutron SD
