BLOCK DarkMatter
   1   2.814009E+00   #dark matter relick densisty
   2   2.350885E+01   #ratio omega_N/omega_0
   100 0.270880 # ~N1 ~N1 -> h2 h2
   101 0.237693 # ~N1 ~N1 -> h2 Z
   102 0.166517 # ~N1 ~N1 -> Wm Wp
   103 0.119221 # ~N1 ~N1 -> u3 U3
   104 0.086687 # ~N1 ~N1 -> Z Z
   105 0.053993 # ~N1 ~N1 -> h1 Z
   106 0.037173 # ~N1 ~N1 -> h1 h2
   301  1.521399E+02  #Dark Matter Mass (GeV)
   302  1.087936E-30  #SigmaV=[cm^3/s]
   401  152.139931    0.000001
   402  151.520830    0.000000
   403  150.395355    0.000000
   404  148.950332    0.000000
   405  147.257089    0.000000
   406  145.359769    0.000000
   407  143.290292    0.000000
   408  141.073728    0.000000
   409  138.730796    0.000001
   410  136.279200    0.000001
   411  133.734425    0.000002
   412  131.110233    0.000002
   413  128.419006    0.000003
   414  125.671976    0.000016
   415  122.879401    0.000028
   416  120.050686    0.000030
   417  117.194487    0.000035
   418  114.318785    0.000076
   419  111.430948    0.000079
   420  108.537780    0.000084
   421  105.645571    0.000089
   422  102.760125    0.000096
   423   99.886796    0.000103
   424   97.030517    0.000111
   425   94.195820    0.000120
   426   91.386865    0.000132
   427   88.607456    0.000145
   428   85.861063    0.000161
   429   83.150838    0.000179
   430   80.479632    0.000201
   431   77.850011    0.000228
   432   75.264274    0.000259
   433   72.724461    0.000296
   434   70.232373    0.000340
   435   67.789583    0.000392
   436   65.397446    0.000453
   437   63.057117    0.000526
   438   60.769555    0.000611
   439   58.535542    0.000712
   440   56.355690    0.000830
   441   54.230451    0.000969
   442   52.160128    0.001132
   443   50.144886    0.001323
   444   48.184761    0.001546
   445   46.279666    0.001807
   446   44.429404    0.002110
   447   42.633675    0.002464
   448   40.892081    0.002874
   449   39.204139    0.003310
   450   37.569284    0.003907
   451   35.986879    0.004510
   452   34.456218    0.005256
   453   32.976537    0.006121
   454   31.547017    0.007120
   455   30.166791    0.008273
   456   28.834949    0.009606
   457   27.550543    0.011140
   458   26.312594    0.012910
   459   25.120092    0.014924
   460   23.972007    0.017267
   461   22.867288    0.019961
   462   21.804868    0.023051
   463   20.783668    0.026597
   464   19.802601    0.030662
   465   18.860577    0.035315
   466   17.956499    0.040645
   467   17.089274    0.046741
   468   16.257812    0.053707
   469   15.461026    0.061650
   470   14.697838    0.070734
   471   13.967179    0.081060
   472   13.267992    0.092821
   473   12.599232    0.106150
   474   11.959869    0.121314
   475   11.348889    0.138528
   476   10.765293    0.157973
   477   10.208102    0.179991
   478    9.676355    0.204842
   479    9.169110    0.232894
   480    8.685448    0.264430
   481    8.224469    0.299881
   482    7.785293    0.339639
   483    7.367065    0.384175
   484    6.968951    0.434001
   485    6.590138    0.489723
   486    6.229837    0.551941
   487    5.887281    0.621289
   488    5.561727    0.698608
   489    5.252453    0.784551
   490    4.958760    0.880035
   491    4.679972    0.986019
   492    4.415433    1.103351
   493    4.164513    1.233317
   494    3.926600    1.376810
   495    3.701105    1.535088
   496    3.487459    1.709330
   497    3.285115    1.900739
   498    3.093545    2.110768
   499    2.912242    2.340378
   500    2.740718    2.591171
   501    2.578504    2.864406
   502    2.425148    3.161633
   503    2.280220    3.484283
   504    2.143303    3.834381
   505    2.014001    4.213850
   506    1.891932    4.625404
   507    1.776731    5.071677
   508    1.668049    5.554997
   509    1.565552    6.077616
   510    1.468921    6.641361
   511    1.377851    7.247032
   512    1.292050    7.895424
   513    1.211241    8.586908
   514    1.135157    9.321663
   515    1.063547   10.099734
   516    0.996169   10.922185
   517    0.932793   11.788503
   518    0.873201   12.699370
   519    0.817186   13.655112
   520    0.764548   14.656355
   521    0.715100   15.702886
   522    0.668664   16.794612
   523    0.625069   17.930373
   524    0.584155   19.108998
   525    0.545769   20.329081
   526    0.509764   21.587980
   527    0.476005   22.881486
   528    0.444361   24.206250
   529    0.414707   25.556645
   530    0.386928   26.926921
   531    0.360912   28.311426
   532    0.336556   29.702996
   533    0.313759   31.096378
   534    0.292429   32.483624
   535    0.272476   33.861224
   536    0.253818   35.224909
   537    0.236375   36.565917
   538    0.220073   37.879386
   539    0.204842   39.159797
   540    0.190615   40.400607
   541    0.177331   41.595901
   542    0.164929   42.738427
   543    0.153356   43.819045
   544    0.142558   44.837845
   545    0.132486   45.781188
   546    0.123095   46.649401
   547    0.114340   47.438435
   548    0.106181   48.143432
   549    0.098579   48.759051
   550    0.091499   49.283340
   551    0.084906   49.706692
   552    0.078768   50.031374
   553    0.073056   50.245284
   554    0.067741   50.342710
   555    0.062797   50.322372
   556    0.058200   50.182484
   557    0.053926   49.919878
   558    0.049954   49.528349
   559    0.046263   49.023645
   560    0.042834   48.398637
   561    0.039650   47.651187
   562    0.036694   46.804076
   563    0.033950   45.847761
   564    0.031403   44.803936
   565    0.029041   43.674122
   566    0.026850   42.469661
   567    0.024818   41.197390
   568    0.022934   39.868962
   569    0.021189   38.495679
   570    0.019572   37.080290
   571    0.018074   35.635068
   572    0.016686   34.171845
   573    0.015402   32.703878
   574    0.014213   31.227574
   575    0.013113   29.764410
   576    0.012095   28.317691
   577    0.011154   26.898514
   578    0.010283   25.511489
   579    0.009478   24.163111
   580    0.008735   22.857922
   581    0.008048   21.604055
   582    0.007413   20.403030
   583    0.006826   19.268330
   584    0.006285   18.197975
   585    0.005785   17.202052
   586    0.005324   16.285927
   587    0.004898   15.455263
   588    0.004506   14.713622
   589    0.004144   14.062202
   590    0.003810   13.502672
   591    0.003502   13.035910
   592    0.003219   12.660688
   593    0.002958   12.380241
   594    0.002717   12.194659
   595    0.002495   12.107158
   596    0.002291   12.119377
   597    0.002104   12.235287
   598    0.001931   12.454945
   599    0.001772   12.780200
   600    0.001625   13.216293
   601    0.001491   13.765409
   602    0.001367   14.431251
   603    0.001254   15.212307
   604    0.001149   16.115053
   605    0.001053   17.140609
   606    0.000965   18.290075
   607    0.000884   19.569510
   608    0.000809   20.991621
   609    0.000741   22.556588
   610    0.000679   24.287035
   611    0.000621   26.189677
   612    0.000568   28.274144
   613    0.000520   30.549056
   614    0.000476   33.049667
   615    0.000435   35.779774
   616    0.000398   38.757997
   617    0.000364   42.009276
   618    0.000332   45.545819
   619    0.000304   49.378571
   620    0.000277   53.542302
   621    0.000253   58.065337
   622    0.000231   62.945336
   623    0.000211   68.241966
   624    0.000193   73.969464
   625    0.000176   80.202953
   626    0.000161   86.989237
   627    0.000146   94.359151
   628    0.000134  102.363477
   629    0.000122  111.096844
   630    0.000111  120.591585
   631    0.000101  130.949922
   632    0.000092  142.176462
   633    0.000084  154.331853
   634    0.000077  167.597866
   635    0.000070  181.974599
   636    0.000063  197.659087
   637    0.000058  214.657469
   638    0.000053  233.202462
   639    0.000048  253.367531
   640    0.000044  275.353639
   641    0.000040  299.263715
   642    0.000036  325.263859
   643    0.000033  353.496346
   644    0.000030  384.093689
   645    0.000027  417.278314
   646    0.000025  453.171506
   647    0.000022  492.072279
   648    0.000020  534.175713
   649    0.000018  579.772786
#CDM-nucleon cross sections[pb]:
   201 3.073565E-13 #proton SI
   202 0.000000E+00 #proton SD
   203 3.328087E-13 #neutron SI
   204 0.000000E+00 #neutron SD
