BLOCK DarkMatter
   1   4.321976E-02   #dark matter relick densisty
   2   3.610673E-01   #ratio omega_N/omega_0
   100 0.206195 # ~N1 ~N1 -> h2 Z
   101 0.171576 # ~N1 ~N1 -> h2 h2
   102 0.157002 # ~N1 ~N1 -> Wm Wp
   103 0.127177 # ~nR1 ~N1 -> h2 nu4
   104 0.090865 # ~nR1 ~N1 -> h1 nu4
   105 0.084760 # ~N1 ~N1 -> Z Z
   106 0.060906 # ~N1 ~N1 -> h1 Z
   107 0.030354 # ~N1 ~N1 -> u3 U3
   108 0.024806 # ~N1 ~N1 -> h1 h2
   109 0.018722 # ~nR1 ~N1 -> Z nu4
   301  1.633907E+02  #Dark Matter Mass (GeV)
   302  2.399835E-26  #SigmaV=[cm^3/s]
   401  163.390713    0.000264
   402  162.725829    0.000000
   403  161.517125    0.000000
   404  159.965243    0.000000
   405  158.146784    0.000000
   406  156.109157    0.000000
   407  153.886641    0.000000
   408  151.506161    0.000000
   409  148.989969    0.000001
   410  146.357078    0.000060
   411  143.624116    0.000061
   412  140.805864    0.000062
   413  137.915620    0.000063
   414  134.965447    0.000064
   415  131.966360    0.000065
   416  128.928461    0.000067
   417  125.861046    0.000069
   418  122.772685    0.000072
   419  119.671291    0.000076
   420  116.564174    0.000081
   421  113.458085    0.000086
   422  110.359259    0.000091
   423  107.273447    0.000098
   424  104.205945    0.000106
   425  101.161622    0.000115
   426   98.144944    0.000125
   427   95.159998    0.000138
   428   92.210508    0.000153
   429   89.299861    0.000170
   430   86.431119    0.000191
   431   83.607037    0.000216
   432   80.830083    0.000245
   433   78.102451    0.000279
   434   75.426073    0.000320
   435   72.802638    0.000369
   436   70.233602    0.000426
   437   67.720205    0.000494
   438   65.263477    0.000574
   439   62.864259    0.000669
   440   60.523206    0.000780
   441   58.240805    0.000911
   442   56.017381    0.001065
   443   53.853112    0.001245
   444   51.748035    0.001456
   445   49.702058    0.001702
   446   47.714968    0.001990
   447   45.786444    0.002325
   448   43.916060    0.002716
   449   42.103294    0.003173
   450   40.347541    0.003703
   451   38.648117    0.004320
   452   37.004263    0.005034
   453   35.415159    0.005862
   454   33.879926    0.006763
   455   32.397632    0.007922
   456   30.967300    0.009198
   457   29.587912    0.010613
   458   28.258416    0.012358
   459   26.977729    0.014257
   460   25.744743    0.016497
   461   24.558329    0.019070
   462   23.417342    0.022019
   463   22.320624    0.025398
   464   21.267008    0.029261
   465   20.255320    0.033682
   466   19.284386    0.038734
   467   18.353030    0.044495
   468   17.460081    0.051059
   469   16.604372    0.058521
   470   15.784746    0.067025
   471   15.000055    0.076652
   472   14.249163    0.087596
   473   13.530948    0.099975
   474   12.844304    0.113984
   475   12.188142    0.129832
   476   11.561389    0.147697
   477   10.962993    0.167853
   478   10.391923    0.190504
   479    9.847168    0.215963
   480    9.327739    0.244531
   481    8.832670    0.276515
   482    8.361018    0.312286
   483    7.911862    0.352228
   484    7.484306    0.396763
   485    7.077480    0.446430
   486    6.690535    0.501770
   487    6.322647    0.563247
   488    5.973018    0.631546
   489    5.640873    0.707207
   490    5.325461    0.790912
   491    5.026057    0.883456
   492    4.741956    0.985627
   493    4.472480    1.098417
   494    4.216973    1.222803
   495    3.974802    1.359712
   496    3.745357    1.510267
   497    3.528050    1.675507
   498    3.322313    1.856555
   499    3.127603    2.054440
   500    2.943395    2.270251
   501    2.769184    2.505016
   502    2.604489    2.760034
   503    2.448843    3.036514
   504    2.301801    3.336162
   505    2.162937    3.660917
   506    2.031840    4.012990
   507    1.908120    4.394536
   508    1.791402    4.806928
   509    1.681325    5.251803
   510    1.577549    5.729853
   511    1.479744    6.241964
   512    1.387598    6.788771
   513    1.300812    7.370874
   514    1.219103    7.989029
   515    1.142197    8.643885
   516    1.069836    9.336280
   517    1.001773   10.066102
   518    0.937775   10.834346
   519    0.877617   11.641060
   520    0.821086   12.487651
   521    0.767982   13.374479
   522    0.718112   14.302197
   523    0.671293   15.271189
   524    0.627354   16.280983
   525    0.586128   17.330651
   526    0.547462   18.418543
   527    0.511206   19.541699
   528    0.477221   20.696896
   529    0.445375   21.879515
   530    0.415541   23.085066
   531    0.387602   24.309000
   532    0.361444   25.545909
   533    0.336962   26.788982
   534    0.314054   28.032183
   535    0.292626   29.268410
   536    0.272588   30.490873
   537    0.253855   31.694617
   538    0.236347   32.873909
   539    0.219990   34.025095
   540    0.204711   35.144946
   541    0.190444   36.232459
   542    0.177126   37.279829
   543    0.164696   38.282625
   544    0.153100   39.236719
   545    0.142283   40.132493
   546    0.132198   40.966982
   547    0.122795   41.737977
   548    0.114033   42.441987
   549    0.105869   43.073280
   550    0.098265   43.630248
   551    0.091185   44.103652
   552    0.084593   44.485349
   553    0.078458   44.770409
   554    0.072750   44.952606
   555    0.067441   45.025114
   556    0.062504   44.992414
   557    0.057914   44.854158
   558    0.053648   44.603141
   559    0.049684   44.252565
   560    0.046002   43.794445
   561    0.042582   43.226097
   562    0.039407   42.568667
   563    0.036460   41.812210
   564    0.033725   40.965537
   565    0.031188   40.044047
   566    0.028835   39.044727
   567    0.026653   37.979748
   568    0.024631   36.857160
   569    0.022756   35.685578
   570    0.021019   34.470403
   571    0.019410   33.220245
   572    0.017920   31.942367
   573    0.016541   30.647295
   574    0.015264   29.342422
   575    0.014083   28.032595
   576    0.012990   26.731802
   577    0.011979   25.446585
   578    0.011044   24.180153
   579    0.010179   22.946103
   580    0.009381   21.743673
   581    0.008643   20.581597
   582    0.007961   19.463541
   583    0.007331   18.402081
   584    0.006750   17.395200
   585    0.006213   16.456292
   586    0.005718   15.587242
   587    0.005261   14.790866
   588    0.004839   14.069933
   589    0.004450   13.424903
   590    0.004092   12.857783
   591    0.003761   12.372338
   592    0.003457   11.970017
   593    0.003176   11.653553
   594    0.002918   11.425556
   595    0.002680   11.285445
   596    0.002461   11.234951
   597    0.002259   11.275191
   598    0.002074   11.407667
   599    0.001903   11.633640
   600    0.001746   11.957634
   601    0.001601   12.386868
   602    0.001468   12.923125
   603    0.001346   13.565751
   604    0.001234   14.318095
   605    0.001131   15.178121
   606    0.001036   16.144762
   607    0.000949   17.225562
   608    0.000869   18.430131
   609    0.000796   19.768277
   610    0.000729   21.255803
   611    0.000667   22.899948
   612    0.000610   24.705697
   613    0.000558   26.683806
   614    0.000511   28.855522
   615    0.000467   31.228125
   616    0.000427   33.818041
   617    0.000390   36.650617
   618    0.000357   39.735633
   619    0.000326   43.087741
   620    0.000298   46.726671
   621    0.000272   50.681357
   622    0.000248   54.963227
   623    0.000227   59.618499
   624    0.000207   64.653464
   625    0.000189   70.126664
   626    0.000172   76.057914
   627    0.000157   82.499777
   628    0.000143   89.498255
   629    0.000131   97.140340
   630    0.000119  105.479901
   631    0.000109  114.564735
   632    0.000099  124.439162
   633    0.000090  135.145261
   634    0.000082  146.818551
   635    0.000075  159.522547
   636    0.000068  173.346631
   637    0.000062  188.388710
   638    0.000057  204.755699
   639    0.000051  222.562571
   640    0.000047  241.944504
   641    0.000043  263.034074
   642    0.000039  285.959581
   643    0.000035  310.857751
   644    0.000032  337.838421
   645    0.000029  367.094470
   646    0.000026  398.795111
   647    0.000024  433.197700
   648    0.000022  470.498020
   649    0.000020  510.887447
#CDM-nucleon cross sections[pb]:
   201 7.126005E-10 #proton SI
   202 1.319875E-03 #proton SD
   203 5.595295E-10 #neutron SI
   204 1.009168E-03 #neutron SD
