BLOCK DarkMatter
   1   1.543646E+00   #dark matter relick densisty
   2   1.289596E+01   #ratio omega_N/omega_0
   100 0.838693 # ~nR1 ~nR1 -> d3 D3
   101 0.148783 # ~nR1 ~nR1 -> e3 E3
   301  2.868515E+01  #Dark Matter Mass (GeV)
   302  1.313434E-27  #SigmaV=[cm^3/s]
   401   28.685154    0.001438
   402   28.568426    0.000007
   403   28.356224    0.000016
   404   28.083773    0.000025
   405   27.764521    0.000033
   406   27.406792    0.000042
   407   27.016603    0.000050
   408   26.598682    0.000058
   409   26.156935    0.000067
   410   25.694700    0.000077
   411   25.214897    0.000092
   412   24.720120    0.000113
   413   24.212703    0.000139
   414   23.694766    0.000170
   415   23.168241    0.000204
   416   22.634902    0.000242
   417   22.096382    0.000290
   418   21.554184    0.000348
   419   21.009698    0.000418
   420   20.464207    0.000494
   421   19.918896    0.000576
   422   19.374861    0.000671
   423   18.833111    0.000786
   424   18.294575    0.000929
   425   17.760108    0.001101
   426   17.230495    0.001301
   427   16.706453    0.001522
   428   16.188635    0.001763
   429   15.677637    0.002031
   430   15.173996    0.002339
   431   14.678195    0.002702
   432   14.190668    0.003132
   433   13.711801    0.003636
   434   13.241931    0.004223
   435   12.781356    0.004900
   436   12.330332    0.005679
   437   11.889076    0.006571
   438   11.457768    0.007585
   439   11.036557    0.008728
   440   10.625558    0.010008
   441   10.224856    0.011443
   442    9.834508    0.013069
   443    9.454545    0.014927
   444    9.084974    0.017070
   445    8.725779    0.019543
   446    8.376922    0.022398
   447    8.038347    0.025685
   448    7.709979    0.029467
   449    7.391727    0.033829
   450    7.083484    0.038836
   451    6.785130    0.044591
   452    6.496532    0.051191
   453    6.217546    0.058771
   454    5.948018    0.067505
   455    5.687784    0.077618
   456    5.436672    0.089281
   457    5.194505    0.102697
   458    4.961096    0.118064
   459    4.736256    0.135659
   460    4.519791    0.155761
   461    4.311502    0.178719
   462    4.111189    0.204912
   463    3.918647    0.234751
   464    3.733673    0.268717
   465    3.556059    0.307350
   466    3.385600    0.351200
   467    3.222090    0.401039
   468    3.065322    0.457301
   469    2.915092    0.520987
   470    2.771197    0.592751
   471    2.633435    0.673466
   472    2.501608    0.763984
   473    2.375517    0.865580
   474    2.254968    0.978751
   475    2.139771    1.105414
   476    2.029737    1.246280
   477    1.924682    1.402366
   478    1.824424    1.574559
   479    1.728786    1.764954
   480    1.637594    1.974347
   481    1.550679    2.205581
   482    1.467875    2.460332
   483    1.389020    2.740200
   484    1.313958    3.047680
   485    1.242535    3.382744
   486    1.174602    3.748162
   487    1.110015    4.145100
   488    1.048633    4.574046
   489    0.990321    5.038310
   490    0.934947    5.538405
   491    0.882383    6.077540
   492    0.832506    6.656573
   493    0.785196    7.277195
   494    0.740339    7.940752
   495    0.697823    8.644618
   496    0.657541    9.385692
   497    0.619390   10.159678
   498    0.583271   10.966324
   499    0.549087   11.809401
   500    0.516747   12.710903
   501    0.486163   13.696220
   502    0.457248   14.790166
   503    0.429923   16.005430
   504    0.404108   17.326052
   505    0.379729   18.718232
   506    0.356713   20.133248
   507    0.334993   21.525254
   508    0.314502   22.862560
   509    0.295176   24.137288
   510    0.276957   25.351470
   511    0.259786   26.519700
   512    0.243609   27.647468
   513    0.228373   28.743277
   514    0.214028   29.808020
   515    0.200526   30.842195
   516    0.187822   31.833414
   517    0.175873   32.780868
   518    0.164637   33.690334
   519    0.154076   34.553588
   520    0.144151   35.372961
   521    0.134828   36.149481
   522    0.126073   36.866187
   523    0.117853   37.512802
   524    0.110139   38.090015
   525    0.102902   38.593651
   526    0.096113   39.027286
   527    0.089748   39.395765
   528    0.083782   39.681353
   529    0.078191   39.882268
   530    0.072953   39.990546
   531    0.068048   39.997938
   532    0.063456   39.908185
   533    0.059158   39.728282
   534    0.055136   39.478504
   535    0.051374   39.133290
   536    0.047856   38.720061
   537    0.044567   38.246392
   538    0.041494   37.663938
   539    0.038622   37.008245
   540    0.035939   36.266828
   541    0.033435   35.444132
   542    0.031097   34.546822
   543    0.028914   33.598883
   544    0.026878   32.598499
   545    0.024980   31.554670
   546    0.023209   30.465846
   547    0.021558   29.334496
   548    0.020020   28.149030
   549    0.018587   26.921031
   550    0.017252   25.653263
   551    0.016009   24.359208
   552    0.014851   23.064622
   553    0.013774   21.788228
   554    0.012772   20.520893
   555    0.011840   19.267813
   556    0.010973   18.021345
   557    0.010167   16.784246
   558    0.009419   15.533795
   559    0.008723   14.271097
   560    0.008076   12.992829
   561    0.007476   11.717759
   562    0.006918   10.476612
   563    0.006401    9.322379
   564    0.005921    8.307277
   565    0.005475    7.465328
   566    0.005062    6.801816
   567    0.004679    6.284646
   568    0.004324    5.870263
   569    0.003995    5.514671
   570    0.003690    5.194217
   571    0.003408    4.900979
   572    0.003146    4.639036
   573    0.002904    4.415326
   574    0.002680    4.231981
   575    0.002472    4.088964
   576    0.002280    3.982562
   577    0.002103    3.915120
   578    0.001939    3.882963
   579    0.001787    3.886932
   580    0.001647    3.926434
   581    0.001517    4.001228
   582    0.001398    4.114334
   583    0.001287    4.268745
   584    0.001185    4.466404
   585    0.001091    4.706771
   586    0.001004    4.986115
   587    0.000924    5.299725
   588    0.000850    5.645969
   589    0.000781    6.024941
   590    0.000718    6.440045
   591    0.000660    6.889742
   592    0.000607    7.375913
   593    0.000558    7.900633
   594    0.000512    8.463866
   595    0.000471    9.068078
   596    0.000432    9.719459
   597    0.000397   10.418033
   598    0.000364   11.168389
   599    0.000334   11.973956
   600    0.000306   12.838274
   601    0.000281   13.770563
   602    0.000258   14.770892
   603    0.000236   15.837988
   604    0.000217   16.981016
   605    0.000199   18.198799
   606    0.000182   19.495384
   607    0.000167   20.864936
   608    0.000153   22.318458
   609    0.000140   23.866558
   610    0.000128   25.494109
   611    0.000117   27.222572
   612    0.000107   29.060227
   613    0.000098   31.009913
   614    0.000090   33.095825
   615    0.000082   35.290803
   616    0.000075   37.612904
   617    0.000069   40.068677
   618    0.000063   42.662887
   619    0.000057   45.399635
   620    0.000052   48.254282
   621    0.000048   51.281266
   622    0.000044   54.428784
   623    0.000040   57.752872
   624    0.000036   61.233238
   625    0.000033   64.900443
   626    0.000030   68.771882
   627    0.000028   72.852170
   628    0.000025   77.096559
   629    0.000023   81.563555
   630    0.000021   86.255443
   631    0.000019   91.109119
   632    0.000017   96.111599
   633    0.000016  101.143721
   634    0.000014  106.248032
   635    0.000013  111.325046
   636    0.000012  116.298207
   637    0.000011  121.139265
   638    0.000010  125.751429
   639    0.000009  130.090751
   640    0.000008  134.101511
   641    0.000007  137.710584
   642    0.000007  140.922200
   643    0.000006  143.607914
   644    0.000006  145.772144
   645    0.000005  147.248131
   646    0.000005  148.026101
   647    0.000004  147.887684
   648    0.000004  146.607731
   649    0.000003  143.919725
#CDM-nucleon cross sections[pb]:
   201 2.320718E-08 #proton SI
   202 0.000000E+00 #proton SD
   203 2.533766E-08 #neutron SI
   204 0.000000E+00 #neutron SD
