BLOCK DarkMatter
   1   1.601881E+00   #dark matter relick densisty
   2   1.338247E+01   #ratio omega_N/omega_0
   100 0.535064 # ~nR1 ~nR1 -> Wm Wp
   101 0.362440 # ~nR1 ~nR1 -> g g
   102 0.052548 # ~nR1 ~nR1 -> u2 U2
   103 0.016599 # ~nR1 ~nR1 -> d3 D3
   104 0.014470 # ~nI1 ~nR1 -> nu4 nu4
   105 0.014180 # ~nR1 ~nR1 -> A A
   301  7.487459E+01  #Dark Matter Mass (GeV)
   302  6.677750E-28  #SigmaV=[cm^3/s]
   401   74.874591    0.399874
   402   74.569905    0.000002
   403   74.016010    0.000004
   404   73.304853    0.000006
   405   72.471535    0.000008
   406   71.537783    0.000010
   407   70.519304    0.000012
   408   69.428437    0.000014
   409   68.275380    0.000015
   410   67.068845    0.000017
   411   65.816452    0.000018
   412   64.524974    0.000020
   413   63.200506    0.000022
   414   61.848574    0.000024
   415   60.474228    0.000026
   416   59.082096    0.000028
   417   57.676438    0.000031
   418   56.261182    0.000034
   419   54.839953    0.000038
   420   53.416101    0.000043
   421   51.992721    0.000049
   422   50.572669    0.000056
   423   49.158580    0.000065
   424   47.752883    0.000075
   425   46.357807    0.000088
   426   44.975399    0.000104
   427   43.607533    0.000124
   428   42.255915    0.000148
   429   40.922097    0.000177
   430   39.607482    0.000213
   431   38.313332    0.000257
   432   37.040780    0.000311
   433   35.790829    0.000377
   434   34.564366    0.000459
   435   33.362164    0.000558
   436   32.184891    0.000680
   437   31.033114    0.000828
   438   29.907307    0.001008
   439   28.807853    0.001227
   440   27.735054    0.001492
   441   26.689133    0.001811
   442   25.670238    0.002196
   443   24.678451    0.002657
   444   23.713789    0.003209
   445   22.776210    0.003868
   446   21.865617    0.004654
   447   20.981861    0.005587
   448   20.124748    0.006693
   449   19.294040    0.007998
   450   18.489458    0.009538
   451   17.710688    0.011351
   452   16.957384    0.013474
   453   16.229170    0.015963
   454   15.525641    0.018864
   455   14.846373    0.022244
   456   14.190916    0.026169
   457   13.558805    0.030713
   458   12.949557    0.035970
   459   12.362676    0.042041
   460   11.797654    0.049030
   461   11.253974    0.057073
   462   10.731111    0.066320
   463   10.228535    0.076930
   464    9.745710    0.089079
   465    9.282099    0.102989
   466    8.837164    0.118916
   467    8.410366    0.137043
   468    8.001167    0.157679
   469    7.609035    0.181136
   470    7.233437    0.207825
   471    6.873848    0.237952
   472    6.529749    0.271917
   473    6.200623    0.310306
   474    5.885965    0.353503
   475    5.585275    0.402008
   476    5.298063    0.456526
   477    5.023845    0.517528
   478    4.762149    0.585654
   479    4.512513    0.661689
   480    4.274482    0.746237
   481    4.047614    0.840297
   482    3.831477    0.944428
   483    3.625649    1.059540
   484    3.429720    1.186571
   485    3.243290    1.326207
   486    3.065970    1.479473
   487    2.897384    1.647491
   488    2.737165    1.831517
   489    2.584958    2.032412
   490    2.440419    2.251711
   491    2.303215    2.490650
   492    2.173024    2.750902
   493    2.049536    3.033906
   494    1.932448    3.342195
   495    1.821473    3.676712
   496    1.716328    4.040053
   497    1.616746    4.434286
   498    1.522466    4.861709
   499    1.433239    5.324569
   500    1.348825    5.826551
   501    1.268992    6.369642
   502    1.193520    6.957995
   503    1.122194    7.593233
   504    1.054812    8.278686
   505    0.991176    9.016019
   506    0.931101    9.805755
   507    0.874406   10.652598
   508    0.820919   11.549002
   509    0.770476   12.504391
   510    0.722919   13.513104
   511    0.678100   14.586099
   512    0.635873   15.716906
   513    0.596104   16.897018
   514    0.558660   18.147521
   515    0.523417   19.447722
   516    0.490257   20.809068
   517    0.459068   22.231559
   518    0.429740   23.700230
   519    0.402172   25.211972
   520    0.376267   26.779081
   521    0.351932   28.381407
   522    0.329078   30.012893
   523    0.307623   31.667012
   524    0.287488   33.355674
   525    0.268596   35.050768
   526    0.250877   36.739138
   527    0.234263   38.435314
   528    0.218689   40.128266
   529    0.204095   41.776622
   530    0.190424   43.393878
   531    0.177621   44.963222
   532    0.165634   46.482193
   533    0.154414   47.928857
   534    0.143917   49.301813
   535    0.134097   50.590097
   536    0.124915   51.784573
   537    0.116330   52.882308
   538    0.108307   53.871255
   539    0.100811   54.751084
   540    0.093810   55.512459
   541    0.087272   56.148769
   542    0.081169   56.651358
   543    0.075473   57.015599
   544    0.070159   57.243786
   545    0.065202   57.311239
   546    0.060580   57.217520
   547    0.056272   56.965046
   548    0.052256   56.554044
   549    0.048515   55.957218
   550    0.045031   55.201180
   551    0.041786   54.284364
   552    0.038765   53.192813
   553    0.035954   51.952328
   554    0.033338   50.586083
   555    0.030905   49.065924
   556    0.028643   47.466241
   557    0.026539   45.729572
   558    0.024584   43.928751
   559    0.022768   42.061989
   560    0.021081   40.131127
   561    0.019513   38.183829
   562    0.018059   36.206066
   563    0.016708   34.222425
   564    0.015455   32.243781
   565    0.014292   30.279287
   566    0.013214   28.344874
   567    0.012214   26.447924
   568    0.011287   24.603009
   569    0.010428   22.810450
   570    0.009632   21.081431
   571    0.008895   19.416015
   572    0.008212   17.835089
   573    0.007580   16.323501
   574    0.006995   14.900275
   575    0.006453   13.549185
   576    0.005953   12.289851
   577    0.005489   11.111799
   578    0.005061   10.017452
   579    0.004665    9.005255
   580    0.004299    8.072017
   581    0.003961    7.217903
   582    0.003648    6.437130
   583    0.003360    5.727713
   584    0.003093    5.086626
   585    0.002847    4.507410
   586    0.002620    3.987350
   587    0.002411    3.518664
   588    0.002218    3.098222
   589    0.002039    2.721962
   590    0.001875    2.387384
   591    0.001724    2.093112
   592    0.001584    1.837490
   593    0.001456    1.618863
   594    0.001337    1.434149
   595    0.001228    1.280159
   596    0.001128    1.152736
   597    0.001035    1.049222
   598    0.000950    0.966508
   599    0.000872    0.903540
   600    0.000800    0.858289
   601    0.000734    0.830307
   602    0.000673    0.817590
   603    0.000617    0.818220
   604    0.000565    0.830560
   605    0.000518    0.852685
   606    0.000475    0.883863
   607    0.000435    0.923069
   608    0.000398    0.969999
   609    0.000365    1.024186
   610    0.000334    1.087504
   611    0.000306    1.158607
   612    0.000280    1.237390
   613    0.000256    1.325749
   614    0.000234    1.421209
   615    0.000214    1.525585
   616    0.000196    1.636112
   617    0.000179    1.756004
   618    0.000164    1.884896
   619    0.000149    2.024488
   620    0.000136    2.174062
   621    0.000125    2.334252
   622    0.000114    2.491927
   623    0.000104    2.665687
   624    0.000095    2.862162
   625    0.000087    3.071418
   626    0.000079    3.295028
   627    0.000072    3.533554
   628    0.000066    3.788895
   629    0.000060    4.061119
   630    0.000055    4.350756
   631    0.000050    4.661253
   632    0.000045    4.990229
   633    0.000041    5.343017
   634    0.000038    5.718097
   635    0.000034    6.116045
   636    0.000031    6.537018
   637    0.000028    6.986372
   638    0.000026    7.463224
   639    0.000024    7.967970
   640    0.000021    8.507284
   641    0.000020    9.079628
   642    0.000018    9.693757
   643    0.000016   10.343885
   644    0.000015   11.044146
   645    0.000013   11.785075
   646    0.000012   12.580576
   647    0.000011   13.423861
   648    0.000010   14.317835
   649    0.000009   15.264512
#CDM-nucleon cross sections[pb]:
   201 3.140127E-11 #proton SI
   202 0.000000E+00 #proton SD
   203 1.639590E-11 #neutron SI
   204 0.000000E+00 #neutron SD
