BLOCK DarkMatter
   1   4.291958E-01   #dark matter relick densisty
   2   3.585595E+00   #ratio omega_N/omega_0
   100 0.724171 # ~nR1 ~nR1 -> g g
   101 0.113226 # ~nR1 ~nR1 -> u2 U2
   102 0.073428 # ~nR1 ~nR1 -> Wm Wp
   103 0.051872 # ~nR1 ~nR1 -> d3 D3
   104 0.028215 # ~nR1 ~nR1 -> A A
   301  7.203698E+01  #Dark Matter Mass (GeV)
   302  6.703860E-27  #SigmaV=[cm^3/s]
   401   72.036977    0.395947
   402   71.743837    0.000002
   403   71.210934    0.000005
   404   70.526728    0.000007
   405   69.724992    0.000009
   406   68.826627    0.000012
   407   67.846747    0.000014
   408   66.797222    0.000015
   409   65.687864    0.000017
   410   64.527054    0.000019
   411   63.322124    0.000021
   412   62.079592    0.000023
   413   60.805318    0.000025
   414   59.504623    0.000028
   415   58.182362    0.000030
   416   56.842989    0.000034
   417   55.490603    0.000037
   418   54.128982    0.000041
   419   52.761616    0.000046
   420   51.391725    0.000052
   421   50.022289    0.000059
   422   48.656054    0.000068
   423   47.295557    0.000078
   424   45.943133    0.000091
   425   44.600928    0.000106
   426   43.270911    0.000125
   427   41.954885    0.000148
   428   40.654491    0.000176
   429   39.371222    0.000211
   430   38.106428    0.000252
   431   36.861325    0.000303
   432   35.637000    0.000365
   433   34.434420    0.000440
   434   33.254437    0.000532
   435   32.097797    0.000644
   436   30.965140    0.000780
   437   29.857014    0.000945
   438   28.773873    0.001146
   439   27.716087    0.001387
   440   26.683945    0.001678
   441   25.677662    0.002028
   442   24.697382    0.002446
   443   23.743182    0.002948
   444   22.815079    0.003546
   445   21.913032    0.004260
   446   21.036949    0.005109
   447   20.186686    0.006114
   448   19.362056    0.007304
   449   18.562830    0.008705
   450   17.788740    0.010354
   451   17.039484    0.012292
   452   16.314729    0.014561
   453   15.614113    0.017215
   454   14.937247    0.020305
   455   14.283722    0.023901
   456   13.653106    0.028071
   457   13.044950    0.032894
   458   12.458792    0.038467
   459   11.894152    0.044896
   460   11.350544    0.052291
   461   10.827468    0.060795
   462   10.324421    0.070564
   463    9.840892    0.081763
   464    9.376365    0.094579
   465    8.930324    0.109232
   466    8.502251    0.126006
   467    8.091628    0.145081
   468    7.697937    0.166777
   469    7.320666    0.191420
   470    6.959302    0.219439
   471    6.613342    0.251049
   472    6.282283    0.286667
   473    5.965630    0.326875
   474    5.662897    0.372085
   475    5.373603    0.422805
   476    5.097275    0.479757
   477    4.833450    0.543428
   478    4.581672    0.614457
   479    4.341497    0.693691
   480    4.112487    0.781722
   481    3.894217    0.879559
   482    3.686271    0.987823
   483    3.488243    1.107408
   484    3.299740    1.239234
   485    3.120375    1.384041
   486    2.949775    1.542828
   487    2.787578    1.716779
   488    2.633431    1.907038
   489    2.486992    2.114621
   490    2.347931    2.340975
   491    2.215927    2.587343
   492    2.090671    2.855386
   493    1.971862    3.146536
   494    1.859212    3.463198
   495    1.752442    3.806377
   496    1.651282    4.178564
   497    1.555474    4.581679
   498    1.464767    5.018077
   499    1.378922    5.489947
   500    1.297707    6.001021
   501    1.220900    6.553627
   502    1.148287    7.151943
   503    1.079665    7.798016
   504    1.014836    8.494731
   505    0.953612    9.243284
   506    0.895814   10.043876
   507    0.841267   10.899740
   508    0.789807   11.804012
   509    0.741276   12.764469
   510    0.695522   13.775968
   511    0.652401   14.848028
   512    0.611775   15.974862
   513    0.573512   17.149113
   514    0.537488   18.388647
   515    0.503581   19.675167
   516    0.471678   21.018313
   517    0.441670   22.417484
   518    0.413453   23.858854
   519    0.386930   25.339320
   520    0.362007   26.868716
   521    0.338594   28.428575
   522    0.316607   30.012938
   523    0.295965   31.615776
   524    0.276593   33.246250
   525    0.258417   34.879398
   526    0.241369   36.502563
   527    0.225384   38.128281
   528    0.210401   39.745527
   529    0.196360   41.318329
   530    0.183207   42.856644
   531    0.170889   44.346098
   532    0.159356   45.783330
   533    0.148562   47.148062
   534    0.138462   48.437486
   535    0.129015   49.640873
   536    0.120181   50.749887
   537    0.111921   51.760145
   538    0.104203   52.660495
   539    0.096991   53.451280
   540    0.090255   54.121259
   541    0.083965   54.667233
   542    0.078093   55.077590
   543    0.072613   55.351189
   544    0.067500   55.490049
   545    0.062731   55.471249
   546    0.058284   55.297337
   547    0.054139   54.968404
   548    0.050276   54.488906
   549    0.046676   53.834754
   550    0.043324   53.029120
   551    0.040202   52.072239
   552    0.037296   50.955379
   553    0.034591   49.702696
   554    0.032075   48.333393
   555    0.029734   46.826202
   556    0.027557   45.247231
   557    0.025534   43.545022
   558    0.023653   41.786049
   559    0.021905   39.969333
   560    0.020282   38.097930
   561    0.018774   36.214127
   562    0.017374   34.308106
   563    0.016075   32.400594
   564    0.014869   30.502316
   565    0.013751   28.620767
   566    0.012713   26.771613
   567    0.011751   24.962231
   568    0.010859   23.205016
   569    0.010033   21.502089
   570    0.009267   19.863115
   571    0.008558   18.288184
   572    0.007901   16.795080
   573    0.007293   15.369918
   574    0.006730   14.028618
   575    0.006209   12.757160
   576    0.005727   11.572701
   577    0.005281   10.465599
   578    0.004869    9.437442
   579    0.004488    8.486928
   580    0.004136    7.611426
   581    0.003810    6.811263
   582    0.003510    6.081689
   583    0.003232    5.420862
   584    0.002976    4.825431
   585    0.002739    4.289035
   586    0.002521    3.808427
   587    0.002319    3.375979
   588    0.002134    2.988516
   589    0.001962    2.642477
   590    0.001804    2.335880
   591    0.001658    2.068023
   592    0.001524    1.837974
   593    0.001400    1.644481
   594    0.001287    1.484744
   595    0.001182    1.355360
   596    0.001085    1.252039
   597    0.000996    1.171719
   598    0.000914    1.111480
   599    0.000839    1.070365
   600    0.000770    1.046669
   601    0.000706    1.040277
   602    0.000647    1.049443
   603    0.000594    1.072375
   604    0.000544    1.107680
   605    0.000499    1.153714
   606    0.000457    1.209848
   607    0.000418    1.275336
   608    0.000383    1.350027
   609    0.000351    1.433560
   610    0.000321    1.527877
   611    0.000294    1.631817
   612    0.000269    1.745607
   613    0.000246    1.870976
   614    0.000225    2.006325
   615    0.000206    2.153142
   616    0.000188    2.307619
   617    0.000172    2.475174
   618    0.000157    2.655708
   619    0.000144    2.850796
   620    0.000131    3.059630
   621    0.000120    3.283836
   622    0.000110    3.512338
   623    0.000100    3.761395
   624    0.000091    4.038281
   625    0.000083    4.333962
   626    0.000076    4.650853
   627    0.000069    4.989648
   628    0.000063    5.352700
   629    0.000058    5.740007
   630    0.000053    6.151822
   631    0.000048    6.592811
   632    0.000044    7.059094
   633    0.000040    7.558062
   634    0.000036    8.088269
   635    0.000033    8.650538
   636    0.000030    9.243778
   637    0.000027    9.876981
   638    0.000025   10.547650
   639    0.000023   11.255763
   640    0.000021   12.008329
   641    0.000019   12.801575
   642    0.000017   13.645570
   643    0.000016   14.530137
   644    0.000014   15.476129
   645    0.000013   16.466855
   646    0.000012   17.522938
   647    0.000011   18.630039
   648    0.000010   19.790009
   649    0.000009   21.002807
#CDM-nucleon cross sections[pb]:
   201 3.161260E-11 #proton SI
   202 0.000000E+00 #proton SD
   203 9.573041E-11 #neutron SI
   204 0.000000E+00 #neutron SD
