BLOCK DarkMatter
   1   1.711872E-03   #dark matter relick densisty
   2   1.430135E-02   #ratio omega_N/omega_0
   100 0.622713 # ~nI1 ~nI1 -> nu4 nu4
   101 0.295538 # ~nI1 ~nI1 -> d3 D3
   102 0.051455 # ~nI1 ~nI1 -> e3 E3
   103 0.023044 # ~nI1 ~nI1 -> g g
   301  5.173716E+01  #Dark Matter Mass (GeV)
   302  1.277471E-25  #SigmaV=[cm^3/s]
   401   51.737164    0.000909
   402   51.526630    0.000001
   403   51.143898    0.000003
   404   50.652499    0.000004
   405   50.076690    0.000004
   406   49.431481    0.000005
   407   48.727729    0.000006
   408   47.973957    0.000007
   409   47.177213    0.000008
   410   46.343516    0.000009
   411   45.478132    0.000010
   412   44.585741    0.000012
   413   43.670554    0.000014
   414   42.736391    0.000016
   415   41.786739    0.000019
   416   40.824798    0.000023
   417   39.853511    0.000027
   418   38.875591    0.000031
   419   37.893544    0.000037
   420   36.909685    0.000043
   421   35.926151    0.000050
   422   34.944918    0.000059
   423   33.967805    0.000068
   424   32.996490    0.000080
   425   32.032514    0.000094
   426   31.077293    0.000109
   427   30.132119    0.000127
   428   29.198172    0.000147
   429   28.276525    0.000170
   430   27.368146    0.000197
   431   26.473910    0.000227
   432   25.594596    0.000262
   433   24.730899    0.000302
   434   23.883433    0.000347
   435   23.052730    0.000400
   436   22.239253    0.000460
   437   21.443393    0.000529
   438   20.665478    0.000608
   439   19.905773    0.000697
   440   19.164486    0.000797
   441   18.441771    0.000910
   442   17.737730    0.001039
   443   17.052421    0.001187
   444   16.385855    0.001360
   445   15.738003    0.001561
   446   15.108797    0.001793
   447   14.498136    0.002057
   448   13.905884    0.002357
   449   13.331878    0.002696
   450   12.775924    0.003083
   451   12.237806    0.003529
   452   11.717285    0.004046
   453   11.214101    0.004646
   454   10.727974    0.005342
   455   10.258610    0.006142
   456    9.805700    0.007057
   457    9.368921    0.008103
   458    8.947940    0.009301
   459    8.542414    0.010683
   460    8.151993    0.012280
   461    7.776319    0.014129
   462    7.415029    0.016259
   463    7.067757    0.018697
   464    6.734132    0.021470
   465    6.413785    0.024601
   466    6.106341    0.028146
   467    5.811430    0.032156
   468    5.528681    0.036703
   469    5.257723    0.041844
   470    4.998191    0.047692
   471    4.749721    0.054326
   472    4.511953    0.061805
   473    4.284533    0.070224
   474    4.067109    0.079650
   475    3.859337    0.090155
   476    3.660878    0.101847
   477    3.471398    0.114883
   478    3.290570    0.129323
   479    3.118075    0.145430
   480    2.953600    0.163249
   481    2.796838    0.182948
   482    2.647490    0.204710
   483    2.505266    0.228633
   484    2.369882    0.255021
   485    2.241062    0.283998
   486    2.118537    0.315684
   487    2.002047    0.350267
   488    1.891338    0.387933
   489    1.786165    0.428880
   490    1.686291    0.473461
   491    1.591485    0.521819
   492    1.501526    0.574177
   493    1.416197    0.630759
   494    1.335291    0.691523
   495    1.258609    0.756745
   496    1.185956    0.826416
   497    1.117146    0.900551
   498    1.052000    0.979382
   499    0.990346    1.063278
   500    0.932017    1.153755
   501    0.876854    1.252380
   502    0.824703    1.361471
   503    0.775418    1.482317
   504    0.728858    1.614926
   505    0.684887    1.757626
   506    0.643376    1.907711
   507    0.604200    2.062062
   508    0.567242    2.218078
   509    0.532386    2.374408
   510    0.499526    2.530716
   511    0.468556    2.687251
   512    0.439379    2.844706
   513    0.411898    3.003482
   514    0.386025    3.163533
   515    0.361673    3.325834
   516    0.338760    3.489979
   517    0.317208    3.655779
   518    0.296943    3.823538
   519    0.277895    3.991528
   520    0.259994    4.158517
   521    0.243179    4.324100
   522    0.227388    4.486800
   523    0.212563    4.647322
   524    0.198650    4.805392
   525    0.185596    4.960906
   526    0.173352    5.113191
   527    0.161872    5.260077
   528    0.151111    5.399801
   529    0.141027    5.530406
   530    0.131580    5.651392
   531    0.122733    5.762637
   532    0.114450    5.864158
   533    0.106698    5.956244
   534    0.099444    6.035995
   535    0.092659    6.103862
   536    0.086314    6.158162
   537    0.080382    6.200026
   538    0.074839    6.228062
   539    0.069659    6.240755
   540    0.064821    6.238500
   541    0.060304    6.220112
   542    0.056086    6.184129
   543    0.052151    6.136505
   544    0.048479    6.072430
   545    0.045054    5.999415
   546    0.041860    5.913295
   547    0.038883    5.817678
   548    0.036108    5.704353
   549    0.033523    5.580582
   550    0.031115    5.440073
   551    0.028873    5.283490
   552    0.026786    5.119378
   553    0.024844    4.948198
   554    0.023036    4.774260
   555    0.021355    4.599432
   556    0.019792    4.422383
   557    0.018338    4.240613
   558    0.016987    4.053141
   559    0.015732    3.863048
   560    0.014566    3.674044
   561    0.013483    3.489689
   562    0.012478    3.309991
   563    0.011545    3.133313
   564    0.010679    2.957894
   565    0.009876    2.780838
   566    0.009131    2.606210
   567    0.008440    2.435949
   568    0.007799    2.275310
   569    0.007206    2.127507
   570    0.006656    1.991164
   571    0.006146    1.861929
   572    0.005674    1.736037
   573    0.005238    1.611408
   574    0.004833    1.489819
   575    0.004459    1.373774
   576    0.004113    1.264961
   577    0.003793    1.163292
   578    0.003497    1.066556
   579    0.003223    0.975186
   580    0.002970    0.892670
   581    0.002737    0.824884
   582    0.002521    0.775862
   583    0.002321    0.745829
   584    0.002137    0.731207
   585    0.001967    0.726576
   586    0.001810    0.728132
   587    0.001666    0.733715
   588    0.001532    0.744125
   589    0.001409    0.760455
   590    0.001296    0.783615
   591    0.001191    0.814054
   592    0.001095    0.852245
   593    0.001006    0.898330
   594    0.000924    0.951918
   595    0.000849    1.012902
   596    0.000779    1.080355
   597    0.000715    1.153571
   598    0.000657    1.233301
   599    0.000602    1.320079
   600    0.000553    1.414231
   601    0.000507    1.516629
   602    0.000465    1.627580
   603    0.000426    1.747396
   604    0.000391    1.876367
   605    0.000358    2.015488
   606    0.000328    2.165778
   607    0.000301    2.327036
   608    0.000275    2.500842
   609    0.000252    2.686440
   610    0.000231    2.885124
   611    0.000211    3.096868
   612    0.000193    3.324941
   613    0.000177    3.568607
   614    0.000162    3.831867
   615    0.000148    4.112995
   616    0.000135    4.412528
   617    0.000124    4.733115
   618    0.000113    5.076015
   619    0.000103    5.442790
   620    0.000094    5.832501
   621    0.000086    6.248663
   622    0.000079    6.692645
   623    0.000072    7.163030
   624    0.000066    7.667334
   625    0.000060    8.200744
   626    0.000055    8.771797
   627    0.000050    9.378891
   628    0.000045   10.023862
   629    0.000041   10.713118
   630    0.000038   11.444006
   631    0.000034   12.218707
   632    0.000031   13.037943
   633    0.000029   13.904089
   634    0.000026   14.826087
   635    0.000024   15.798634
   636    0.000022   16.812384
   637    0.000020   17.887963
   638    0.000018   19.016173
   639    0.000016   20.196979
   640    0.000015   21.430304
   641    0.000013   22.714270
   642    0.000012   24.065075
   643    0.000011   25.445469
   644    0.000010   26.890453
   645    0.000009   28.352351
   646    0.000008   29.871324
   647    0.000008   31.415748
   648    0.000007   32.954590
   649    0.000006   34.504967
#CDM-nucleon cross sections[pb]:
   201 1.643926E-09 #proton SI
   202 0.000000E+00 #proton SD
   203 1.924336E-09 #neutron SI
   204 0.000000E+00 #neutron SD
