BLOCK DarkMatter
   1   4.391049E-01   #dark matter relick densisty
   2   3.668379E+00   #ratio omega_N/omega_0
   100 0.669571 # ~nI1 ~nI1 -> nu4 nu4
   101 0.256460 # ~nI1 ~nI1 -> d3 D3
   102 0.044653 # ~nI1 ~nI1 -> e3 E3
   103 0.022032 # ~nI1 ~nI1 -> g g
   301  4.652651E+01  #Dark Matter Mass (GeV)
   302  4.941694E-28  #SigmaV=[cm^3/s]
   401   46.526507    0.011634
   402   46.337177    0.000000
   403   45.992991    0.000001
   404   45.551083    0.000001
   405   45.033266    0.000002
   406   44.453039    0.000002
   407   43.820164    0.000003
   408   43.142308    0.000003
   409   42.425807    0.000003
   410   41.676075    0.000004
   411   40.897847    0.000004
   412   40.095333    0.000005
   413   39.272318    0.000006
   414   38.432238    0.000007
   415   37.578230    0.000008
   416   36.713169    0.000009
   417   35.839704    0.000011
   418   34.960275    0.000013
   419   34.077134    0.000015
   420   33.192363    0.000018
   421   32.307885    0.000021
   422   31.425475    0.000024
   423   30.546772    0.000028
   424   29.673281    0.000033
   425   28.806392    0.000039
   426   27.947374    0.000045
   427   27.097393    0.000053
   428   26.257507    0.000061
   429   25.428683    0.000071
   430   24.611791    0.000082
   431   23.807616    0.000096
   432   23.016862    0.000111
   433   22.240152    0.000129
   434   21.478037    0.000150
   435   20.730997    0.000174
   436   19.999449    0.000201
   437   19.283743    0.000234
   438   18.584175    0.000271
   439   17.900983    0.000313
   440   17.234354    0.000361
   441   16.584426    0.000416
   442   15.951293    0.000479
   443   15.335004    0.000552
   444   14.735570    0.000638
   445   14.152965    0.000738
   446   13.587130    0.000854
   447   13.037971    0.000987
   448   12.505367    0.001139
   449   11.989171    0.001314
   450   11.489210    0.001515
   451   11.005288    0.001746
   452   10.537191    0.002015
   453   10.084684    0.002326
   454    9.647517    0.002687
   455    9.225424    0.003102
   456    8.818128    0.003579
   457    8.425339    0.004124
   458    8.046757    0.004749
   459    7.682074    0.005468
   460    7.330973    0.006295
   461    6.993135    0.007247
   462    6.668232    0.008339
   463    6.355935    0.009587
   464    6.055911    0.011007
   465    5.767827    0.012614
   466    5.491347    0.014437
   467    5.226138    0.016501
   468    4.971865    0.018836
   469    4.728197    0.021476
   470    4.494803    0.024470
   471    4.271358    0.027852
   472    4.057537    0.031655
   473    3.853020    0.035926
   474    3.657494    0.040701
   475    3.470648    0.046026
   476    3.292176    0.051953
   477    3.121779    0.058550
   478    2.959164    0.065852
   479    2.804042    0.073979
   480    2.656131    0.082953
   481    2.515157    0.092868
   482    2.380851    0.103807
   483    2.252951    0.115826
   484    2.131202    0.129049
   485    2.015356    0.143534
   486    1.905171    0.159351
   487    1.800412    0.176586
   488    1.700853    0.195305
   489    1.606273    0.215626
   490    1.516458    0.237666
   491    1.431200    0.261514
   492    1.350301    0.287268
   493    1.273566    0.315030
   494    1.200809    0.344818
   495    1.131849    0.376727
   496    1.066513    0.410762
   497    1.004634    0.446927
   498    0.946049    0.485331
   499    0.890604    0.526132
   500    0.838150    0.569976
   501    0.788542    0.617544
   502    0.741644    0.669733
   503    0.697323    0.727071
   504    0.655452    0.789457
   505    0.615909    0.856136
   506    0.578579    0.925988
   507    0.543349    0.997690
   508    0.510113    1.070219
   509    0.478768    1.143077
   510    0.449217    1.216127
   511    0.421366    1.289526
   512    0.395127    1.363481
   513    0.370414    1.438135
   514    0.347147    1.513391
   515    0.325247    1.589505
   516    0.304642    1.666182
   517    0.285261    1.743295
   518    0.267037    1.820836
   519    0.249907    1.898154
   520    0.233809    1.974768
   521    0.218688    2.050423
   522    0.204487    2.124468
   523    0.191155    2.196966
   524    0.178643    2.267733
   525    0.166904    2.336609
   526    0.155893    2.403260
   527    0.145569    2.467070
   528    0.135892    2.527158
   529    0.126823    2.582818
   530    0.118328    2.633686
   531    0.110372    2.679611
   532    0.102923    2.720539
   533    0.095952    2.756464
   534    0.089429    2.786455
   535    0.083327    2.810422
   536    0.077621    2.827968
   537    0.072287    2.839297
   538    0.067301    2.843653
   539    0.062643    2.840963
   540    0.058293    2.830800
   541    0.054230    2.813259
   542    0.050438    2.787463
   543    0.046898    2.755886
   544    0.043596    2.717130
   545    0.040516    2.673507
   546    0.037644    2.624062
   547    0.034967    2.569754
   548    0.032472    2.508387
   549    0.030147    2.442183
   550    0.027982    2.369424
   551    0.025965    2.290484
   552    0.024088    2.208519
   553    0.022341    2.124203
   554    0.020716    2.038693
   555    0.019204    1.952795
   556    0.017798    1.866174
   557    0.016491    1.778365
   558    0.015277    1.688715
   559    0.014148    1.598618
   560    0.013099    1.509204
   561    0.012126    1.421780
   562    0.011221    1.336860
   563    0.010382    1.254074
   564    0.009603    1.173476
   565    0.008881    1.094311
   566    0.008211    1.018088
   567    0.007590    0.945312
   568    0.007014    0.877299
   569    0.006480    0.814856
   570    0.005985    0.757333
   571    0.005527    0.703168
   572    0.005103    0.651093
   573    0.004710    0.600510
   574    0.004347    0.551953
   575    0.004010    0.506278
   576    0.003699    0.463855
   577    0.003411    0.424713
   578    0.003145    0.388009
   579    0.002899    0.353838
   580    0.002671    0.323301
   581    0.002461    0.298233
   582    0.002267    0.279952
   583    0.002088    0.268514
   584    0.001922    0.262745
   585    0.001769    0.260841
   586    0.001628    0.261521
   587    0.001498    0.264064
   588    0.001378    0.268690
   589    0.001267    0.275722
   590    0.001165    0.285378
   591    0.001071    0.297680
   592    0.000984    0.312667
   593    0.000905    0.330326
   594    0.000831    0.350490
   595    0.000763    0.373171
   596    0.000701    0.398170
   597    0.000643    0.425309
   598    0.000590    0.454859
   599    0.000542    0.487015
   600    0.000497    0.521873
   601    0.000456    0.559736
   602    0.000418    0.600700
   603    0.000383    0.644835
   604    0.000351    0.692299
   605    0.000322    0.743384
   606    0.000295    0.798466
   607    0.000270    0.857403
   608    0.000248    0.920752
   609    0.000227    0.988347
   610    0.000208    1.060435
   611    0.000190    1.137152
   612    0.000174    1.219636
   613    0.000159    1.307643
   614    0.000145    1.402676
   615    0.000133    1.503907
   616    0.000122    1.611455
   617    0.000111    1.726451
   618    0.000102    1.849323
   619    0.000093    1.980423
   620    0.000085    2.119254
   621    0.000077    2.267262
   622    0.000071    2.424601
   623    0.000065    2.591121
   624    0.000059    2.769067
   625    0.000054    2.957081
   626    0.000049    3.157994
   627    0.000045    3.371292
   628    0.000041    3.597097
   629    0.000037    3.837998
   630    0.000034    4.093107
   631    0.000031    4.362500
   632    0.000028    4.646526
   633    0.000026    4.944840
   634    0.000023    5.260858
   635    0.000021    5.591943
   636    0.000019    5.934703
   637    0.000018    6.295338
   638    0.000016    6.670299
   639    0.000015    7.059206
   640    0.000013    7.461390
   641    0.000012    7.875887
   642    0.000011    8.307696
   643    0.000010    8.743966
   644    0.000009    9.195472
   645    0.000008    9.646015
   646    0.000008   10.107827
   647    0.000007   10.569737
   648    0.000006   11.019599
   649    0.000006   11.461620
#CDM-nucleon cross sections[pb]:
   201 3.455696E-10 #proton SI
   202 0.000000E+00 #proton SD
   203 3.256412E-10 #neutron SI
   204 0.000000E+00 #neutron SD
