BLOCK DarkMatter
   1   1.729845E+00   #dark matter relick densisty
   2   1.445151E+01   #ratio omega_N/omega_0
   100 0.270245 # ~N1 ~N1 -> h2 h2
   101 0.241203 # ~N1 ~N1 -> h2 Z
   102 0.170037 # ~N1 ~N1 -> Wm Wp
   103 0.109249 # ~N1 ~N1 -> u3 U3
   104 0.088771 # ~N1 ~N1 -> Z Z
   105 0.055898 # ~N1 ~N1 -> h1 Z
   106 0.037125 # ~N1 ~N1 -> h1 h2
   301  1.540749E+02  #Dark Matter Mass (GeV)
   302  1.331808E-30  #SigmaV=[cm^3/s]
   401  154.074851    0.000001
   402  153.447876    0.000000
   403  152.308087    0.000000
   404  150.844687    0.000000
   405  149.129909    0.000000
   406  147.208459    0.000000
   407  145.112662    0.000000
   408  142.867907    0.000000
   409  140.495178    0.000001
   410  138.012403    0.000001
   411  135.435263    0.000002
   412  132.777697    0.000002
   413  130.052242    0.000003
   414  127.270276    0.000025
   415  124.442184    0.000027
   416  121.577494    0.000029
   417  118.684970    0.000070
   418  115.772695    0.000072
   419  112.848130    0.000075
   420  109.918167    0.000080
   421  106.989175    0.000086
   422  104.067031    0.000092
   423  101.157159    0.000099
   424   98.264553    0.000107
   425   95.393805    0.000117
   426   92.549126    0.000128
   427   89.734368    0.000141
   428   86.953047    0.000157
   429   84.208353    0.000176
   430   81.503174    0.000198
   431   78.840110    0.000225
   432   76.221487    0.000256
   433   73.649373    0.000293
   434   71.125591    0.000337
   435   68.651733    0.000389
   436   66.229173    0.000450
   437   63.859079    0.000523
   438   61.542424    0.000608
   439   59.279999    0.000709
   440   57.072424    0.000827
   441   54.920155    0.000966
   442   52.823502    0.001129
   443   50.782630    0.001319
   444   48.797576    0.001542
   445   46.868252    0.001802
   446   44.994459    0.002104
   447   43.175891    0.002457
   448   41.412148    0.002866
   449   39.702738    0.003342
   450   38.047092    0.003895
   451   36.444561    0.004537
   452   34.894433    0.005280
   453   33.395934    0.006102
   454   31.948233    0.007095
   455   30.550453    0.008242
   456   29.201673    0.009567
   457   27.900932    0.011091
   458   26.647238    0.012848
   459   25.439570    0.014850
   460   24.276884    0.017176
   461   23.158115    0.019848
   462   22.082182    0.022912
   463   21.047995    0.026428
   464   20.054451    0.030456
   465   19.100446    0.035066
   466   18.184870    0.040344
   467   17.306616    0.046378
   468   16.464579    0.053271
   469   15.657660    0.061127
   470   14.884765    0.070105
   471   14.144814    0.080304
   472   13.436735    0.091918
   473   12.759470    0.105072
   474   12.111975    0.120027
   475   11.493224    0.137000
   476   10.902206    0.156165
   477   10.337929    0.177856
   478    9.799419    0.202321
   479    9.285723    0.229925
   480    8.795910    0.260950
   481    8.329068    0.295800
   482    7.884307    0.334865
   483    7.460760    0.378606
   484    7.057582    0.427526
   485    6.673951    0.482220
   486    6.309068    0.543280
   487    5.962156    0.611305
   488    5.632461    0.687120
   489    5.319254    0.771354
   490    5.021826    0.864885
   491    4.739492    0.968664
   492    4.471589    1.083539
   493    4.217478    1.210753
   494    3.976539    1.351208
   495    3.748175    1.506110
   496    3.531812    1.676637
   497    3.326895    1.863950
   498    3.132889    2.069459
   499    2.949280    2.294122
   500    2.775574    2.539481
   501    2.611297    2.806752
   502    2.455991    3.097425
   503    2.309220    3.412863
   504    2.170562    3.755088
   505    2.039615    4.126054
   506    1.915993    4.528425
   507    1.799327    4.964809
   508    1.689263    5.437414
   509    1.585463    5.948439
   510    1.487603    6.499521
   511    1.395375    7.091499
   512    1.308483    7.724860
   513    1.226646    8.400317
   514    1.149594    9.117859
   515    1.077073    9.877698
   516    1.008838   10.680856
   517    0.944656   11.526650
   518    0.884307   12.415946
   519    0.827579   13.348918
   520    0.774271   14.326304
   521    0.724195   15.348208
   522    0.677168   16.414582
   523    0.633019   17.524580
   524    0.591584   18.677008
   525    0.552710   19.870449
   526    0.516248   21.102193
   527    0.482059   22.368506
   528    0.450012   23.665975
   529    0.419981   24.989019
   530    0.391849   26.332356
   531    0.365503   27.690601
   532    0.340836   29.057095
   533    0.317749   30.426015
   534    0.296148   31.789146
   535    0.275941   33.142723
   536    0.257046   34.482260
   537    0.239381   35.799500
   538    0.222872   37.090048
   539    0.207447   38.348706
   540    0.193039   39.569213
   541    0.179586   40.746569
   542    0.167027   41.873439
   543    0.155306   42.941015
   544    0.144371   43.948953
   545    0.134171   44.882956
   546    0.124660   45.744566
   547    0.115794   46.531488
   548    0.107531   47.235180
   549    0.099833   47.853009
   550    0.092663   48.382158
   551    0.085986   48.814196
   552    0.079770   49.149576
   553    0.073985   49.376988
   554    0.068603   49.490029
   555    0.063596   49.488599
   556    0.058940   49.369622
   557    0.054612   49.131137
   558    0.050589   48.765587
   559    0.046851   48.290642
   560    0.043379   47.697163
   561    0.040154   46.984018
   562    0.037160   46.175966
   563    0.034381   45.255467
   564    0.031802   44.254823
   565    0.029410   43.159683
   566    0.027191   41.997894
   567    0.025134   40.763767
   568    0.023226   39.473847
   569    0.021458   38.135350
   570    0.019821   36.761638
   571    0.018304   35.351017
   572    0.016899   33.922916
   573    0.015598   32.481238
   574    0.014394   31.040714
   575    0.013280   29.604622
   576    0.012249   28.185467
   577    0.011296   26.790064
   578    0.010414   25.425976
   579    0.009599   24.100932
   580    0.008846   22.815390
   581    0.008150   21.582016
   582    0.007507   20.396255
   583    0.006913   19.275811
   584    0.006365   18.219051
   585    0.005859   17.235082
   586    0.005392   16.329738
   587    0.004961   15.506600
   588    0.004563   14.771381
   589    0.004197   14.124317
   590    0.003859   13.567555
   591    0.003547   13.102930
   592    0.003260   12.728624
   593    0.002995   12.448558
   594    0.002752   12.262840
   595    0.002527   12.174022
   596    0.002321   12.184369
   597    0.002130   12.297174
   598    0.001955   12.513075
   599    0.001794   12.834264
   600    0.001646   13.265440
   601    0.001510   13.810493
   602    0.001385   14.473374
   603    0.001269   15.252611
   604    0.001164   16.154346
   605    0.001066   17.178469
   606    0.000977   18.325819
   607    0.000895   19.602923
   608    0.000820   21.022046
   609    0.000751   22.585034
   610    0.000687   24.315084
   611    0.000629   26.218416
   612    0.000576   28.304512
   613    0.000527   30.582015
   614    0.000482   33.085766
   615    0.000440   35.819182
   616    0.000403   38.801867
   617    0.000368   42.059522
   618    0.000336   45.604544
   619    0.000307   49.448586
   620    0.000281   53.624359
   621    0.000257   58.160991
   622    0.000234   63.057721
   623    0.000214   68.373866
   624    0.000195   74.121581
   625    0.000178   80.376823
   626    0.000163   87.182405
   627    0.000148   94.575703
   628    0.000135  102.608794
   629    0.000123  111.378218
   630    0.000112  120.920310
   631    0.000102  131.329199
   632    0.000093  142.613845
   633    0.000085  154.833609
   634    0.000078  168.168372
   635    0.000071  182.629096
   636    0.000064  198.399273
   637    0.000059  215.502628
   638    0.000053  234.155126
   639    0.000048  254.439985
   640    0.000044  276.555779
   641    0.000040  300.616456
   642    0.000037  326.787994
   643    0.000033  355.218000
   644    0.000030  386.039719
   645    0.000027  419.481093
   646    0.000025  455.676727
   647    0.000023  494.937195
   648    0.000021  537.465844
   649    0.000019  583.555040
#CDM-nucleon cross sections[pb]:
   201 3.782583E-13 #proton SI
   202 0.000000E+00 #proton SD
   203 4.095583E-13 #neutron SI
   204 0.000000E+00 #neutron SD
