BLOCK DarkMatter
   1   3.047977E-02   #dark matter relick densisty
   2   2.546347E-01   #ratio omega_N/omega_0
   100 0.630996 # ~nR1 ~nR1 -> Wm Wp
   101 0.265472 # ~nR1 ~nR1 -> Z Z
   102 0.095586 # ~nR1 ~nR1 -> h1 h1
   301  1.166209E+02  #Dark Matter Mass (GeV)
   302  8.719984E-26  #SigmaV=[cm^3/s]
   401  116.620922    0.000310
   402  116.146358    0.000000
   403  115.283639    0.000000
   404  114.175976    0.000000
   405  112.878042    0.000000
   406  111.423676    0.000000
   407  109.837344    0.000000
   408  108.138265    0.000000
   409  106.342320    0.000000
   410  104.463081    0.000000
   411  102.512416    0.000001
   412  100.500876    0.000001
   413   98.437950    0.000002
   414   96.332249    0.000004
   415   94.191636    0.000006
   416   92.023321    0.000008
   417   89.833938    0.000011
   418   87.629606    0.000014
   419   85.415970    0.000018
   420   83.198250    0.000023
   421   80.981264    0.000028
   422   78.769462    0.000034
   423   76.566949    0.000040
   424   74.377504    0.000047
   425   72.204603    0.000057
   426   70.051435    0.000069
   427   67.920915    0.000084
   428   65.815702    0.000134
   429   63.738213    0.000156
   430   61.690634    0.000181
   431   59.674932    0.000217
   432   57.692868    0.000260
   433   55.746007    0.000307
   434   53.835729    0.000360
   435   51.963239    0.000424
   436   50.129578    0.000503
   437   48.335628    0.000568
   438   46.582127    0.000683
   439   44.869673    0.000818
   440   43.198735    0.000975
   441   41.569660    0.001160
   442   39.982680    0.001377
   443   38.437922    0.001632
   444   36.935413    0.001928
   445   35.475087    0.002275
   446   34.056793    0.002685
   447   32.680299    0.003172
   448   31.345303    0.003745
   449   30.051432    0.004412
   450   28.798255    0.005184
   451   27.585283    0.006078
   452   26.411974    0.007114
   453   25.277744    0.008317
   454   24.181963    0.009708
   455   23.123969    0.011305
   456   22.103062    0.013141
   457   21.118517    0.015265
   458   20.169583    0.017724
   459   19.255486    0.020562
   460   18.375436    0.023813
   461   17.528628    0.027519
   462   16.714243    0.031742
   463   15.931455    0.036562
   464   15.179431    0.042059
   465   14.457334    0.048329
   466   13.764325    0.055481
   467   13.099565    0.063645
   468   12.462218    0.072910
   469   11.851452    0.083367
   470   11.266440    0.095114
   471   10.706363    0.108352
   472   10.170410    0.123404
   473    9.657781    0.140472
   474    9.167685    0.159847
   475    8.699346    0.181706
   476    8.251998    0.206241
   477    7.824890    0.233736
   478    7.417286    0.264563
   479    7.028465    0.299072
   480    6.657720    0.337657
   481    6.304362    0.380849
   482    5.967717    0.429004
   483    5.647130    0.482639
   484    5.341960    0.542426
   485    5.051586    0.608776
   486    4.775402    0.682433
   487    4.512820    0.764110
   488    4.263271    0.854413
   489    4.026201    0.954318
   490    3.801074    1.064469
   491    3.587372    1.186033
   492    3.384594    1.319806
   493    3.192254    1.466940
   494    3.009885    1.628464
   495    2.837035    1.805755
   496    2.673267    1.999641
   497    2.518163    2.211521
   498    2.371317    2.442753
   499    2.232342    2.694513
   500    2.100862    2.968262
   501    1.976519    3.265260
   502    1.858966    3.587226
   503    1.747873    3.935780
   504    1.642922    4.312708
   505    1.543807    4.719239
   506    1.450236    5.157575
   507    1.361930    5.628781
   508    1.278622    6.135092
   509    1.200054    6.678099
   510    1.125983    7.259611
   511    1.056174    7.881804
   512    0.990405    8.547276
   513    0.928461    9.257971
   514    0.870140   10.015904
   515    0.815248   10.821448
   516    0.763601   11.673521
   517    0.715021   12.570774
   518    0.669341   13.510498
   519    0.626403   14.491210
   520    0.586054   15.509322
   521    0.548151   16.565597
   522    0.512556   17.657260
   523    0.479139   18.784955
   524    0.447777   19.944776
   525    0.418352   21.135802
   526    0.390753   22.355846
   527    0.364876   23.601476
   528    0.340619   24.868314
   529    0.317889   26.150934
   530    0.296595   27.443761
   531    0.276653   28.741269
   532    0.257983   30.038816
   533    0.240508   31.328403
   534    0.224157   32.605371
   535    0.208863   33.859779
   536    0.194561   35.089227
   537    0.181190   36.282420
   538    0.168694   37.433613
   539    0.157019   38.533728
   540    0.146114   39.575299
   541    0.135931   40.551754
   542    0.126424   41.459613
   543    0.117553   42.281444
   544    0.109276   43.024521
   545    0.101556   43.674599
   546    0.094357   44.226050
   547    0.087646   44.681385
   548    0.081392   45.021496
   549    0.075565   45.256942
   550    0.070137   45.381086
   551    0.065083   45.381845
   552    0.060379   45.274248
   553    0.056000   45.039703
   554    0.051926   44.696059
   555    0.048136   44.235527
   556    0.044613   43.676245
   557    0.041336   43.000962
   558    0.038292   42.230337
   559    0.035462   41.363102
   560    0.032834   40.402343
   561    0.030393   39.356587
   562    0.028127   38.237776
   563    0.026024   37.049429
   564    0.024072   35.807562
   565    0.022261   34.517955
   566    0.020581   33.185992
   567    0.019024   31.825106
   568    0.017580   30.446238
   569    0.016242   29.061171
   570    0.015002   27.682726
   571    0.013854   26.321942
   572    0.012791   24.985551
   573    0.011806   23.681658
   574    0.010895   22.418079
   575    0.010052   21.199765
   576    0.009271   20.039698
   577    0.008550   18.939698
   578    0.007882   17.910329
   579    0.007266   16.949643
   580    0.006696   16.068992
   581    0.006169   15.262860
   582    0.005682   14.533031
   583    0.005233   13.883086
   584    0.004818   13.315637
   585    0.004435   12.833029
   586    0.004081   12.438167
   587    0.003755   12.130905
   588    0.003454   11.915962
   589    0.003176   11.796093
   590    0.002921   11.777635
   591    0.002685   11.859758
   592    0.002467   12.046662
   593    0.002267   12.333344
   594    0.002083   12.723481
   595    0.001913   13.208931
   596    0.001756   13.796452
   597    0.001612   14.482984
   598    0.001480   15.276943
   599    0.001358   16.174808
   600    0.001246   17.191533
   601    0.001143   18.330313
   602    0.001048   19.596891
   603    0.000961   21.003595
   604    0.000881   22.566184
   605    0.000807   24.296227
   606    0.000740   26.197241
   607    0.000677   28.303691
   608    0.000620   30.615182
   609    0.000568   33.133918
   610    0.000520   35.880993
   611    0.000476   38.862718
   612    0.000436   42.088967
   613    0.000399   45.572819
   614    0.000365   49.343775
   615    0.000333   53.430695
   616    0.000305   57.898809
   617    0.000279   62.767898
   618    0.000255   68.101572
   619    0.000233   73.932346
   620    0.000213   80.340716
   621    0.000194   87.312757
   622    0.000177   94.925177
   623    0.000162  103.177868
   624    0.000148  112.137796
   625    0.000135  121.819341
   626    0.000123  132.281914
   627    0.000112  143.618931
   628    0.000102  155.818649
   629    0.000093  169.068558
   630    0.000085  183.413022
   631    0.000078  198.982845
   632    0.000071  215.769403
   633    0.000064  234.104098
   634    0.000059  253.890700
   635    0.000053  275.385652
   636    0.000049  298.913318
   637    0.000044  324.409583
   638    0.000040  352.280172
   639    0.000037  382.745472
   640    0.000033  416.121115
   641    0.000030  452.715687
   642    0.000028  492.881354
   643    0.000025  536.972507
   644    0.000023  585.286156
   645    0.000021  638.097510
   646    0.000019  695.638121
   647    0.000017  758.123665
   648    0.000016  825.835458
   649    0.000014  899.081403
#CDM-nucleon cross sections[pb]:
   201 1.102802E-11 #proton SI
   202 0.000000E+00 #proton SD
   203 1.406560E-12 #neutron SI
   204 0.000000E+00 #neutron SD
