BLOCK DarkMatter
   1   2.832620E-02   #dark matter relick densisty
   2   2.366433E-01   #ratio omega_N/omega_0
   100 0.448134 # ~nI1 ~nI1 -> Wm Wp
   101 0.312296 # ~nI1 ~nI1 -> h1 h1
   102 0.190313 # ~nI1 ~nI1 -> Z Z
   103 0.046151 # ~nI1 ~nI1 -> h1 h2
   301  1.197373E+02  #Dark Matter Mass (GeV)
   302  9.146012E-26  #SigmaV=[cm^3/s]
   401  119.737344    0.000050
   402  119.250098    0.000000
   403  118.364326    0.000000
   404  117.227062    0.000000
   405  115.894444    0.000000
   406  114.401213    0.000000
   407  112.772491    0.000000
   408  111.028008    0.000000
   409  109.184071    0.000000
   410  107.254614    0.000000
   411  105.251821    0.000001
   412  103.186527    0.000001
   413  101.068474    0.000002
   414   98.906504    0.000003
   415   96.708688    0.000005
   416   94.482429    0.000007
   417   92.234541    0.000009
   418   89.971302    0.000012
   419   87.698513    0.000015
   420   85.421529    0.000018
   421   83.145299    0.000021
   422   80.874392    0.000026
   423   78.613022    0.000030
   424   76.365069    0.000103
   425   74.134103    0.000111
   426   71.923396    0.000121
   427   69.735942    0.000134
   428   67.574473    0.000148
   429   65.441468    0.000165
   430   63.339173    0.000192
   431   61.269606    0.000221
   432   59.234575    0.000255
   433   57.235689    0.000294
   434   55.274363    0.000339
   435   53.351836    0.000393
   436   51.469174    0.000460
   437   49.627285    0.000542
   438   47.826925    0.000641
   439   46.068710    0.000757
   440   44.353120    0.000894
   441   42.680512    0.000990
   442   41.051124    0.001183
   443   39.465086    0.001407
   444   37.922426    0.001666
   445   36.423076    0.001969
   446   34.966881    0.002327
   447   33.553604    0.002757
   448   32.182933    0.003264
   449   30.854487    0.003853
   450   29.567821    0.004532
   451   28.322435    0.005317
   452   27.117772    0.006231
   453   25.953232    0.007297
   454   24.828170    0.008529
   455   23.741903    0.009950
   456   22.693715    0.011589
   457   21.682860    0.013491
   458   20.708568    0.015705
   459   19.770044    0.018268
   460   18.866477    0.021208
   461   17.997039    0.024563
   462   17.160892    0.028398
   463   16.357186    0.032798
   464   15.585066    0.037854
   465   14.843673    0.043663
   466   14.132144    0.050334
   467   13.449620    0.057990
   468   12.795242    0.066733
   469   12.168154    0.076666
   470   11.567509    0.087918
   471   10.992465    0.100702
   472   10.442190    0.115327
   473    9.915862    0.132054
   474    9.412670    0.151226
   475    8.931816    0.172989
   476    8.472513    0.197657
   477    8.033992    0.225525
   478    7.615496    0.257002
   479    7.216284    0.292548
   480    6.835632    0.332640
   481    6.472831    0.377878
   482    6.127191    0.428701
   483    5.798036    0.485685
   484    5.484712    0.549658
   485    5.186578    0.621113
   486    4.903013    0.700978
   487    4.633415    0.790074
   488    4.377197    0.889279
   489    4.133792    0.999636
   490    3.902649    1.122074
   491    3.683237    1.257924
   492    3.475040    1.408202
   493    3.277560    1.574334
   494    3.090317    1.757489
   495    2.912848    1.959320
   496    2.744704    2.180887
   497    2.585455    2.423935
   498    2.434685    2.689997
   499    2.291996    2.980730
   500    2.157003    3.297617
   501    2.029337    3.642598
   502    1.908643    4.017245
   503    1.794581    4.423549
   504    1.686825    4.863619
   505    1.585061    5.338731
   506    1.488990    5.851047
   507    1.398325    6.402414
   508    1.312790    6.995751
   509    1.232123    7.634431
   510    1.156072    8.322278
   511    1.084398    9.063224
   512    1.016871    9.861573
   513    0.953272   10.719696
   514    0.893393   11.639347
   515    0.837034   12.620178
   516    0.784006   13.660500
   517    0.734128   14.758004
   518    0.687228   15.908292
   519    0.643142   17.107852
   520    0.601715   18.349371
   521    0.562799   19.629423
   522    0.526253   20.944082
   523    0.491943   22.292224
   524    0.459742   23.670622
   525    0.429531   25.078704
   526    0.401195   26.516106
   527    0.374626   27.979755
   528    0.349721   29.465008
   529    0.326383   30.967793
   530    0.304521   32.481857
   531    0.284046   34.002352
   532    0.264877   35.523510
   533    0.246935   37.036075
   534    0.230147   38.535706
   535    0.214444   40.010429
   536    0.199760   41.456084
   537    0.186032   42.861808
   538    0.173202   44.220423
   539    0.161215   45.524942
   540    0.150018   46.764288
   541    0.139563   47.931343
   542    0.129803   49.019440
   543    0.120694   50.014860
   544    0.112196   50.918469
   545    0.104269   51.719296
   546    0.096878   52.409515
   547    0.089988   52.987808
   548    0.083567   53.436111
   549    0.077584   53.758037
   550    0.072012   53.953101
   551    0.066823   54.003791
   552    0.061992   53.922296
   553    0.057496   53.698915
   554    0.053314   53.342345
   555    0.049423   52.843598
   556    0.045805   52.227817
   557    0.042441   51.474551
   558    0.039315   50.598065
   559    0.036410   49.604676
   560    0.033711   48.498982
   561    0.031205   47.285923
   562    0.028879   45.981616
   563    0.026719   44.593356
   564    0.024715   43.136806
   565    0.022856   41.620527
   566    0.021131   40.052513
   567    0.019532   38.447296
   568    0.018050   36.818036
   569    0.016676   35.176657
   570    0.015403   33.531213
   571    0.014224   31.893899
   572    0.013133   30.272551
   573    0.012122   28.678377
   574    0.011186   27.122088
   575    0.010320   25.609513
   576    0.009519   24.157006
   577    0.008778   22.763238
   578    0.008093   21.440054
   579    0.007460   20.191923
   580    0.006874   19.027603
   581    0.006334   17.941883
   582    0.005834   16.935601
   583    0.005372   16.007661
   584    0.004946   15.158832
   585    0.004553   14.389689
   586    0.004190   13.707390
   587    0.003855   13.116637
   588    0.003546   12.626994
   589    0.003261   12.243392
   590    0.002999   11.972768
   591    0.002757   11.814226
   592    0.002533   11.771658
   593    0.002328   11.839471
   594    0.002138   12.015317
   595    0.001964   12.288654
   596    0.001803   12.657534
   597    0.001656   13.119515
   598    0.001520   13.677707
   599    0.001394   14.333538
   600    0.001279   15.100897
   601    0.001173   15.983837
   602    0.001076   16.984521
   603    0.000987   18.111317
   604    0.000904   19.380397
   605    0.000829   20.790953
   606    0.000759   22.349368
   607    0.000696   24.079112
   608    0.000637   25.982862
   609    0.000583   28.062427
   610    0.000534   30.335538
   611    0.000489   32.815111
   612    0.000447   35.498146
   613    0.000409   38.403230
   614    0.000374   41.547788
   615    0.000342   44.951582
   616    0.000313   48.670262
   617    0.000286   52.706428
   618    0.000261   57.121884
   619    0.000239   61.937024
   620    0.000218   67.212735
   621    0.000199   72.949996
   622    0.000182   79.218633
   623    0.000166   85.996712
   624    0.000152   93.357143
   625    0.000138  101.291164
   626    0.000126  109.844710
   627    0.000115  119.103835
   628    0.000105  129.040157
   629    0.000096  139.781033
   630    0.000087  151.388827
   631    0.000080  163.967672
   632    0.000073  177.473421
   633    0.000066  192.208242
   634    0.000060  208.063696
   635    0.000055  225.267941
   636    0.000050  244.024570
   637    0.000045  264.301896
   638    0.000041  286.374210
   639    0.000038  310.423404
   640    0.000034  336.683999
   641    0.000031  365.394457
   642    0.000028  396.810874
   643    0.000026  431.184733
   644    0.000023  468.690546
   645    0.000021  509.441084
   646    0.000019  553.477554
   647    0.000018  600.809328
   648    0.000016  651.473989
   649    0.000015  705.560973
#CDM-nucleon cross sections[pb]:
   201 1.031225E-08 #proton SI
   202 0.000000E+00 #proton SD
   203 1.096126E-08 #neutron SI
   204 0.000000E+00 #neutron SD
