BLOCK DarkMatter
   1   1.715340E+00   #dark matter relick densisty
   2   1.433032E+01   #ratio omega_N/omega_0
   100 0.559805 # ~nI1 ~nI1 -> Wm Wp
   101 0.289679 # ~nI1 ~nI1 -> d3 D3
   102 0.060572 # ~nI1 ~nI1 -> g g
   103 0.050283 # ~nI1 ~nI1 -> e3 E3
   104 0.026514 # ~nI1 ~nR1 -> nu4 nu4
   301  7.637248E+01  #Dark Matter Mass (GeV)
   302  5.283434E-28  #SigmaV=[cm^3/s]
   401   76.372482    0.051588
   402   76.061700    0.000006
   403   75.496725    0.000012
   404   74.771340    0.000017
   405   73.921352    0.000021
   406   72.968919    0.000024
   407   71.930065    0.000027
   408   70.817376    0.000030
   409   69.641251    0.000034
   410   68.410579    0.000039
   411   67.133131    0.000044
   412   65.815817    0.000051
   413   64.464852    0.000059
   414   63.085875    0.000068
   415   61.684035    0.000079
   416   60.264053    0.000091
   417   58.830274    0.000106
   418   57.386705    0.000124
   419   55.937044    0.000144
   420   54.484708    0.000168
   421   53.032852    0.000195
   422   51.584392    0.000227
   423   50.142014    0.000263
   424   48.708195    0.000306
   425   47.285210    0.000356
   426   45.875147    0.000414
   427   44.479916    0.000481
   428   43.101259    0.000558
   429   41.740757    0.000647
   430   40.399842    0.000747
   431   39.079803    0.000864
   432   37.781793    0.000998
   433   36.506836    0.001153
   434   35.255837    0.001331
   435   34.029585    0.001534
   436   32.828760    0.001765
   437   31.653942    0.002027
   438   30.505612    0.002327
   439   29.384164    0.002670
   440   28.289903    0.003065
   441   27.223058    0.003517
   442   26.183780    0.004036
   443   25.172152    0.004633
   444   24.188191    0.005318
   445   23.231856    0.006106
   446   22.303046    0.007012
   447   21.401610    0.008055
   448   20.527351    0.009263
   449   19.680023    0.010658
   450   18.859345    0.012269
   451   18.064996    0.014133
   452   17.296622    0.016281
   453   16.553839    0.018763
   454   15.836237    0.021627
   455   15.143379    0.024923
   456   14.474810    0.028727
   457   13.830053    0.033111
   458   13.208617    0.038165
   459   12.609995    0.043993
   460   12.033670    0.050694
   461   11.479114    0.058388
   462   10.945791    0.067216
   463   10.433160    0.077311
   464    9.940676    0.088844
   465    9.467791    0.101998
   466    9.013954    0.117031
   467    8.578618    0.134082
   468    8.161233    0.153517
   469    7.761256    0.175530
   470    7.378144    0.200530
   471    7.011362    0.228823
   472    6.660378    0.260761
   473    6.324669    0.296858
   474    6.003716    0.337430
   475    5.697011    0.382824
   476    5.404052    0.433574
   477    5.124349    0.490227
   478    4.857418    0.553106
   479    4.602787    0.623039
   480    4.359994    0.700770
   481    4.128588    0.786975
   482    3.908127    0.882428
   483    3.698181    0.987660
   484    3.498333    1.103322
   485    3.308173    1.230060
   486    3.127306    1.368429
   487    2.955347    1.519794
   488    2.791923    1.685074
   489    2.636670    1.865122
   490    2.489240    2.061766
   491    2.349291    2.275568
   492    2.216496    2.507658
   493    2.090537    2.759152
   494    1.971108    3.031221
   495    1.857912    3.324324
   496    1.750664    3.639574
   497    1.649089    3.976563
   498    1.552924    4.336906
   499    1.461912    4.723229
   500    1.375809    5.141552
   501    1.294379    5.599880
   502    1.217396    6.107549
   503    1.144644    6.670035
   504    1.075913    7.288136
   505    1.011005    7.957243
   506    0.949728    8.667151
   507    0.891898    9.408784
   508    0.837341   10.172748
   509    0.785889   10.957076
   510    0.737382   11.760787
   511    0.691665   12.587503
   512    0.648594   13.438280
   513    0.608029   14.314243
   514    0.569836   15.222729
   515    0.533888   16.159135
   516    0.500065   17.128433
   517    0.468251   18.128195
   518    0.438337   19.155390
   519    0.410218   20.207892
   520    0.383794   21.285272
   521    0.358972   22.382451
   522    0.335662   23.492806
   523    0.313778   24.617191
   524    0.293239   25.752330
   525    0.273969   26.890332
   526    0.255896   28.025514
   527    0.238949   29.153827
   528    0.223064   30.273578
   529    0.208178   31.378159
   530    0.194233   32.464832
   531    0.181174   33.533928
   532    0.168947   34.580107
   533    0.157503   35.590020
   534    0.146796   36.558294
   535    0.136780   37.471178
   536    0.127414   38.325261
   537    0.118657   39.116469
   538    0.110474   39.837504
   539    0.102828   40.477615
   540    0.095687   41.043034
   541    0.089018   41.523177
   542    0.082793   41.906760
   543    0.076983   42.193479
   544    0.071562   42.371180
   545    0.066506   42.429197
   546    0.061792   42.371856
   547    0.057397   42.193467
   548    0.053302   41.901618
   549    0.049486   41.502758
   550    0.045931   40.983836
   551    0.042622   40.354848
   552    0.039541   39.632847
   553    0.036673   38.811508
   554    0.034005   37.901172
   555    0.031524   36.920802
   556    0.029216   35.895322
   557    0.027070   34.762511
   558    0.025076   33.599842
   559    0.023223   32.378624
   560    0.021502   31.120072
   561    0.019904   29.847933
   562    0.018420   28.558959
   563    0.017042   27.268410
   564    0.015764   25.972303
   565    0.014578   24.670043
   566    0.013478   23.372677
   567    0.012458   22.083718
   568    0.011513   20.813536
   569    0.010637   19.578347
   570    0.009825   18.384444
   571    0.009073   17.245739
   572    0.008376   16.168864
   573    0.007732   15.137548
   574    0.007135   14.152411
   575    0.006583   13.203517
   576    0.006072   12.311782
   577    0.005599   11.462480
   578    0.005162   10.660751
   579    0.004758    9.911264
   580    0.004385    9.216511
   581    0.004040    8.582506
   582    0.003721    8.010350
   583    0.003427    7.502275
   584    0.003155    7.051120
   585    0.002904    6.652503
   586    0.002673    6.297094
   587    0.002459    5.971128
   588    0.002262    5.669462
   589    0.002080    5.392903
   590    0.001913    5.152869
   591    0.001758    4.966782
   592    0.001616    4.853491
   593    0.001485    4.822562
   594    0.001364    4.875777
   595    0.001253    5.000228
   596    0.001150    5.180908
   597    0.001056    5.402404
   598    0.000969    5.660392
   599    0.000889    5.953736
   600    0.000816    6.286179
   601    0.000748    6.665101
   602    0.000686    7.090700
   603    0.000629    7.563532
   604    0.000577    8.083591
   605    0.000529    8.653491
   606    0.000484    9.271500
   607    0.000444    9.943452
   608    0.000406   10.673481
   609    0.000372   11.461213
   610    0.000341   12.318654
   611    0.000312   13.245220
   612    0.000285   14.242066
   613    0.000261   15.314980
   614    0.000239   16.465139
   615    0.000218   17.702772
   616    0.000200   19.025309
   617    0.000182   20.444743
   618    0.000167   21.962177
   619    0.000152   23.598542
   620    0.000139   25.353057
   621    0.000127   27.245114
   622    0.000116   29.270149
   623    0.000106   31.440697
   624    0.000097   33.781933
   625    0.000088   36.288814
   626    0.000081   38.976412
   627    0.000074   41.854099
   628    0.000067   44.949227
   629    0.000061   48.247971
   630    0.000056   51.756375
   631    0.000051   55.523200
   632    0.000046   59.501023
   633    0.000042   63.764684
   634    0.000038   68.286108
   635    0.000035   73.096752
   636    0.000032   78.172079
   637    0.000029   83.598364
   638    0.000026   89.353524
   639    0.000024   95.449204
   640    0.000022  101.944586
   641    0.000020  108.811441
   642    0.000018  116.128039
   643    0.000016  123.836057
   644    0.000015  132.104067
   645    0.000014  140.802008
   646    0.000012  150.129600
   647    0.000011  159.942767
   648    0.000010  170.332528
   649    0.000009  181.236219
#CDM-nucleon cross sections[pb]:
   201 2.814520E-09 #proton SI
   202 0.000000E+00 #proton SD
   203 2.938524E-09 #neutron SI
   204 0.000000E+00 #neutron SD
