BLOCK DarkMatter
   1   7.934884E-03   #dark matter relick densisty
   2   6.628976E-02   #ratio omega_N/omega_0
   100 0.704253 # ~nR1 ~nR1 -> h2 h2
   101 0.142065 # ~nR1 ~nR1 -> Wm Wp
   102 0.063740 # ~nR1 ~nR1 -> Z Z
   103 0.040776 # ~nR1 ~nR1 -> h1 h2
   104 0.040315 # ~nR1 ~nR1 -> h1 h1
   301  1.501693E+02  #Dark Matter Mass (GeV)
   302  4.282826E-25  #SigmaV=[cm^3/s]
   401  150.169290    0.000438
   402  149.558208    0.000000
   403  148.447311    0.000000
   404  147.021005    0.000000
   405  145.349695    0.000000
   406  143.476951    0.000000
   407  141.434279    0.000000
   408  139.246425    0.000000
   409  136.933841    0.000000
   410  134.514001    0.000000
   411  132.002187    0.000001
   412  129.411986    0.000001
   413  126.755618    0.000001
   414  124.044170    0.000001
   415  121.287766    0.000012
   416  118.495691    0.000017
   417  115.676488    0.000020
   418  112.838035    0.000406
   419  109.987603    0.000407
   420  107.131910    0.000409
   421  104.277163    0.000412
   422  101.429092    0.000415
   423   98.592981    0.000419
   424   95.773698    0.000423
   425   92.975718    0.000428
   426   90.203147    0.000434
   427   87.459740    0.000442
   428   84.748921    0.000451
   429   82.073800    0.000462
   430   79.437194    0.000475
   431   76.841634    0.000490
   432   74.289389    0.000509
   433   71.782474    0.000532
   434   69.322666    0.000559
   435   66.911517    0.000592
   436   64.550365    0.000631
   437   62.240349    0.000678
   438   59.982418    0.000733
   439   57.777342    0.000799
   440   55.625725    0.000877
   441   53.528014    0.000971
   442   51.484507    0.001081
   443   49.495369    0.001212
   444   47.560632    0.001367
   445   45.680214    0.001551
   446   43.853918    0.001767
   447   42.081448    0.002022
   448   40.362413    0.002321
   449   38.696335    0.002673
   450   37.082656    0.003087
   451   35.520747    0.003189
   452   34.009913    0.003759
   453   32.549398    0.004417
   454   31.138394    0.005203
   455   29.776046    0.006123
   456   28.461455    0.007198
   457   27.193686    0.008457
   458   25.971771    0.009926
   459   24.794716    0.011646
   460   23.661502    0.013655
   461   22.571092    0.015999
   462   21.522433    0.018731
   463   20.514460    0.021915
   464   19.546102    0.025618
   465   18.616279    0.029921
   466   17.723912    0.034919
   467   16.867920    0.040720
   468   16.047227    0.047449
   469   15.260762    0.055242
   470   14.507459    0.064264
   471   13.786265    0.074684
   472   13.096134    0.086699
   473   12.436037    0.100522
   474   11.804955    0.116430
   475   11.201889    0.134708
   476   10.625852    0.155654
   477   10.075878    0.179660
   478    9.551019    0.207108
   479    9.050345    0.238454
   480    8.572947    0.274144
   481    8.117939    0.314728
   482    7.684452    0.360780
   483    7.271641    0.412924
   484    6.878683    0.471865
   485    6.504777    0.538404
   486    6.149143    0.613376
   487    5.811024    0.697676
   488    5.489687    0.792325
   489    5.184419    0.898342
   490    4.894530    1.016897
   491    4.619353    1.149233
   492    4.358241    1.296565
   493    4.110571    1.460348
   494    3.875740    1.641945
   495    3.653165    1.842973
   496    3.442286    2.065069
   497    3.242563    2.309932
   498    3.053475    2.579452
   499    2.874520    2.875312
   500    2.705218    3.199539
   501    2.545105    3.554089
   502    2.393736    3.941016
   503    2.250685    4.362415
   504    2.115541    4.820690
   505    1.987914    5.318526
   506    1.867426    5.859307
   507    1.753717    6.446913
   508    1.646443    7.085542
   509    1.545274    7.779387
   510    1.449895    8.532157
   511    1.360004    9.346606
   512    1.275315   10.224723
   513    1.195552   11.167586
   514    1.120454   12.175794
   515    1.049771   13.249795
   516    0.983266   14.390347
   517    0.920711   15.597737
   518    0.861891   16.872572
   519    0.806601   18.215421
   520    0.754645   19.626579
   521    0.705838   21.106178
   522    0.660003   22.653682
   523    0.616973   24.267590
   524    0.576589   25.946038
   525    0.538699   27.681726
   526    0.503161   29.473785
   527    0.469840   31.312556
   528    0.438605   33.193662
   529    0.409336   35.111947
   530    0.381916   37.062447
   531    0.356238   39.039662
   532    0.332196   41.038033
   533    0.309695   43.051468
   534    0.288641   45.071367
   535    0.268947   47.090094
   536    0.250530   49.100430
   537    0.233313   51.091914
   538    0.217222   53.054697
   539    0.202189   54.978169
   540    0.188146   56.851416
   541    0.175034   58.663568
   542    0.162793   60.403580
   543    0.151369   62.060047
   544    0.140711   63.623600
   545    0.130770   65.080093
   546    0.121500   66.421907
   547    0.112859   67.638421
   548    0.104806   68.719819
   549    0.097302   69.657210
   550    0.090314   70.443412
   551    0.083806   71.068332
   552    0.077748   71.527333
   553    0.072110   71.808985
   554    0.066864   71.909552
   555    0.061984   71.825205
   556    0.057446   71.554878
   557    0.053228   71.092602
   558    0.049307   70.439836
   559    0.045664   69.607580
   560    0.042279   68.595432
   561    0.039136   67.410144
   562    0.036218   66.068266
   563    0.033510   64.569348
   564    0.030996   62.926784
   565    0.028665   61.158302
   566    0.026502   59.271035
   567    0.024496   57.287634
   568    0.022637   55.208686
   569    0.020915   53.070276
   570    0.019318   50.877951
   571    0.017840   48.646102
   572    0.016470   46.400042
   573    0.015202   44.135910
   574    0.014029   41.875625
   575    0.012943   39.637545
   576    0.011938   37.430808
   577    0.011009   35.266427
   578    0.010150   33.155943
   579    0.009356   31.104539
   580    0.008622   29.119195
   581    0.007943   27.207020
   582    0.007317   25.372364
   583    0.006738   23.631042
   584    0.006204   21.978498
   585    0.005710   20.417464
   586    0.005255   18.965968
   587    0.004835   17.617327
   588    0.004448   16.379055
   589    0.004090   15.249034
   590    0.003761   14.226620
   591    0.003457   13.310772
   592    0.003177   12.498146
   593    0.002919   11.790943
   594    0.002682   11.184554
   595    0.002463   10.680029
   596    0.002262   10.278652
   597    0.002076    9.981208
   598    0.001906    9.786896
   599    0.001749    9.692321
   600    0.001604    9.695428
   601    0.001472    9.792383
   602    0.001350    9.981857
   603    0.001237   10.260365
   604    0.001134   10.631087
   605    0.001039   11.095450
   606    0.000952   11.654674
   607    0.000872   12.311041
   608    0.000799   13.067912
   609    0.000732   13.923556
   610    0.000670   14.884032
   611    0.000613   15.950014
   612    0.000561   17.124789
   613    0.000513   18.411991
   614    0.000469   19.825856
   615    0.000429   21.369903
   616    0.000393   23.053191
   617    0.000359   24.886347
   618    0.000328   26.876751
   619    0.000300   29.030590
   620    0.000274   31.363611
   621    0.000250   33.889087
   622    0.000228   36.610367
   623    0.000208   39.552583
   624    0.000190   42.726375
   625    0.000174   46.162687
   626    0.000158   49.884142
   627    0.000145   53.905833
   628    0.000132   58.251651
   629    0.000120   62.960261
   630    0.000110   68.049017
   631    0.000100   73.563713
   632    0.000091   79.513508
   633    0.000083   85.928804
   634    0.000076   92.880980
   635    0.000069  100.375063
   636    0.000063  108.492416
   637    0.000057  117.239206
   638    0.000052  126.711453
   639    0.000047  136.939578
   640    0.000043  148.002217
   641    0.000039  159.942553
   642    0.000036  172.826564
   643    0.000032  186.712026
   644    0.000029  201.652674
   645    0.000027  217.735213
   646    0.000024  235.005160
   647    0.000022  253.572787
   648    0.000020  273.516234
   649    0.000018  294.929432
#CDM-nucleon cross sections[pb]:
   201 3.454894E-11 #proton SI
   202 0.000000E+00 #proton SD
   203 7.600253E-11 #neutron SI
   204 0.000000E+00 #neutron SD
