BLOCK DarkMatter
   1   2.547815E-01   #dark matter relick densisty
   2   2.128500E+00   #ratio omega_N/omega_0
   100 0.483251 # ~nR1 ~nR1 -> h1 h1
   101 0.214599 # ~nR1 ~nR1 -> nu4 nu4
   102 0.159734 # ~nR1 ~nR1 -> Wm Wp
   103 0.068906 # ~nR1 ~nR1 -> Z Z
   104 0.059445 # ~nR1 ~nR1 -> h1 h2
   105 0.012413 # ~nR1 ~nR1 -> h2 h2
   301  1.259810E+02  #Dark Matter Mass (GeV)
   302  9.620232E-27  #SigmaV=[cm^3/s]
   401  125.980988    0.000005
   402  125.468335    0.000000
   403  124.536374    0.000000
   404  123.339809    0.000000
   405  121.937702    0.000000
   406  120.366607    0.000000
   407  118.652956    0.000000
   408  116.817508    0.000000
   409  114.877420    0.000000
   410  112.847352    0.000000
   411  110.740125    0.000000
   412  108.567137    0.000001
   413  106.338639    0.000001
   414  104.063934    0.000001
   415  101.751514    0.000002
   416   99.409168    0.000002
   417   97.044065    0.000003
   418   94.662811    0.000004
   419   92.271508    0.000005
   420   89.875792    0.000006
   421   87.480869    0.000034
   422   85.091547    0.000036
   423   82.712258    0.000039
   424   80.347087    0.000049
   425   77.999789    0.000052
   426   75.673805    0.000059
   427   73.372288    0.000064
   428   71.098110    0.000071
   429   68.853881    0.000079
   430   66.641962    0.000088
   431   64.464479    0.000099
   432   62.323333    0.000112
   433   60.220215    0.000128
   434   58.156617    0.000147
   435   56.133841    0.000169
   436   54.153008    0.000196
   437   52.215075    0.000228
   438   50.320837    0.000266
   439   48.470940    0.000305
   440   46.665892    0.000359
   441   44.906066    0.000424
   442   43.191714    0.000499
   443   41.522973    0.000590
   444   39.899872    0.000698
   445   38.322339    0.000798
   446   36.790211    0.000945
   447   35.303240    0.001115
   448   33.861096    0.001313
   449   32.463379    0.001546
   450   31.109621    0.001818
   451   29.799294    0.002136
   452   28.531815    0.002507
   453   27.306551    0.002935
   454   26.122822    0.003428
   455   24.979912    0.003998
   456   23.877067    0.004660
   457   22.813502    0.005432
   458   21.788406    0.006327
   459   20.800943    0.007359
   460   19.850260    0.008541
   461   18.935486    0.009897
   462   18.055738    0.011457
   463   17.210123    0.013256
   464   16.397742    0.015334
   465   15.617689    0.017729
   466   14.869058    0.020485
   467   14.150944    0.023652
   468   13.462443    0.027283
   469   12.802657    0.031448
   470   12.170691    0.036211
   471   11.565662    0.041679
   472   10.986693    0.047925
   473   10.432920    0.055048
   474    9.903489    0.063189
   475    9.397561    0.072436
   476    8.914308    0.082974
   477    8.452920    0.094938
   478    8.012602    0.108536
   479    7.592573    0.123932
   480    7.192072    0.141403
   481    6.810354    0.161168
   482    6.446690    0.183489
   483    6.100372    0.208637
   484    5.770709    0.236929
   485    5.457029    0.268671
   486    5.158678    0.304273
   487    4.875022    0.344066
   488    4.605444    0.388531
   489    4.349346    0.438137
   490    4.106151    0.493346
   491    3.875297    0.554665
   492    3.656244    0.622747
   493    3.448467    0.698052
   494    3.251460    0.781247
   495    3.064737    0.872938
   496    2.887825    0.973812
   497    2.720272    1.084627
   498    2.561641    1.206131
   499    2.411511    1.339069
   500    2.269479    1.484328
   501    2.135156    1.642671
   502    2.008168    1.815002
   503    1.888159    2.002205
   504    1.774784    2.205031
   505    1.667714    2.424361
   506    1.566633    2.661260
   507    1.471240    2.916918
   508    1.381245    3.193038
   509    1.296371    3.491501
   510    1.216355    3.814167
   511    1.140944    4.162638
   512    1.069895    4.538090
   513    1.002980    4.941254
   514    0.939978    5.372093
   515    0.880681    5.830249
   516    0.824888    6.315480
   517    0.772409    6.826851
   518    0.723063    7.363691
   519    0.676679    7.924997
   520    0.633091    8.509543
   521    0.592146    9.115814
   522    0.553694    9.741704
   523    0.517595   10.384618
   524    0.483716   11.042699
   525    0.451929   11.713955
   526    0.422115   12.396860
   527    0.394161   13.090078
   528    0.367957   13.792842
   529    0.343402   14.503398
   530    0.320400   15.220472
   531    0.298857   15.941799
   532    0.278688   16.664624
   533    0.259811   17.386561
   534    0.242148   18.103510
   535    0.225626   18.811819
   536    0.210176   19.507944
   537    0.195733   20.186267
   538    0.182234   20.844891
   539    0.169621   21.479296
   540    0.157841   22.086027
   541    0.146840   22.660405
   542    0.136571   23.198859
   543    0.126988   23.696698
   544    0.118046   24.152256
   545    0.109706   24.560986
   546    0.101930   24.918346
   547    0.094680   25.223964
   548    0.087924   25.472517
   549    0.081630   25.663755
   550    0.075767   25.793615
   551    0.070307   25.862957
   552    0.065225   25.869016
   553    0.060495   25.809639
   554    0.056094   25.688502
   555    0.052000   25.497655
   556    0.048193   25.245852
   557    0.044654   24.929995
   558    0.041365   24.546894
   559    0.038308   24.111509
   560    0.035469   23.619833
   561    0.032833   23.075043
   562    0.030385   22.484184
   563    0.028112   21.853573
   564    0.026004   21.184666
   565    0.024047   20.482363
   566    0.022233   19.754018
   567    0.020551   19.004203
   568    0.018991   18.239567
   569    0.017546   17.464467
   570    0.016207   16.683142
   571    0.014966   15.898530
   572    0.013817   15.116643
   573    0.012754   14.342396
   574    0.011769   13.581193
   575    0.010858   12.840479
   576    0.010015   12.122271
   577    0.009236   11.432716
   578    0.008515   10.768692
   579    0.007849   10.134556
   580    0.007233    9.527450
   581    0.006664    8.955498
   582    0.006138    8.416425
   583    0.005653    7.912999
   584    0.005204    7.440871
   585    0.004791    7.004192
   586    0.004409    6.605362
   587    0.004056    6.244862
   588    0.003731    5.927907
   589    0.003431    5.658215
   590    0.003155    5.438600
   591    0.002900    5.270414
   592    0.002665    5.152716
   593    0.002449    5.087486
   594    0.002250    5.075290
   595    0.002066    5.114629
   596    0.001897    5.204731
   597    0.001742    5.343305
   598    0.001599    5.527119
   599    0.001467    5.756181
   600    0.001346    6.029029
   601    0.001235    6.346391
   602    0.001132    6.710864
   603    0.001038    7.123472
   604    0.000951    7.587169
   605    0.000872    8.106862
   606    0.000799    8.684026
   607    0.000732    9.323575
   608    0.000670   10.027081
   609    0.000614   10.801016
   610    0.000562   11.648649
   611    0.000514   12.576995
   612    0.000471   13.590540
   613    0.000431   14.699381
   614    0.000394   15.911858
   615    0.000360   17.236792
   616    0.000329   18.679193
   617    0.000301   20.248743
   618    0.000275   21.954810
   619    0.000251   23.808694
   620    0.000230   25.810989
   621    0.000210   27.984375
   622    0.000192   30.341173
   623    0.000175   32.886919
   624    0.000160   35.655987
   625    0.000146   38.651471
   626    0.000133   41.906087
   627    0.000121   45.417522
   628    0.000111   49.224156
   629    0.000101   53.329970
   630    0.000092   57.758400
   631    0.000084   62.516944
   632    0.000076   67.636800
   633    0.000070   73.159091
   634    0.000063   79.146628
   635    0.000058   85.637284
   636    0.000053   92.732644
   637    0.000048  100.477756
   638    0.000044  108.962105
   639    0.000040  118.304409
   640    0.000036  128.533835
   641    0.000033  139.704243
   642    0.000030  151.827530
   643    0.000027  164.882492
   644    0.000025  178.778762
   645    0.000022  193.410731
   646    0.000020  208.634292
   647    0.000019  224.292564
   648    0.000017  240.269394
   649    0.000015  256.494652
#CDM-nucleon cross sections[pb]:
   201 7.202839E-10 #proton SI
   202 0.000000E+00 #proton SD
   203 7.743615E-10 #neutron SI
   204 0.000000E+00 #neutron SD
