BLOCK DarkMatter
   1   1.367013E-01   #dark matter relick densisty
   2   1.142032E+00   #ratio omega_N/omega_0
   100 0.694757 # ~nI1 ~nI1 -> Wm Wp
   101 0.246446 # ~nI1 ~nI1 -> Z Z
   102 0.056160 # ~nI1 ~nI1 -> nu4 nu4
   301  9.800585E+01  #Dark Matter Mass (GeV)
   302  1.808765E-26  #SigmaV=[cm^3/s]
   401   98.005852    0.000283
   402   97.607038    0.000000
   403   96.882027    0.000000
   404   95.951169    0.000000
   405   94.860412    0.000000
   406   93.638192    0.000000
   407   92.305071    0.000000
   408   90.877200    0.000000
   409   89.367924    0.000000
   410   87.788650    0.000000
   411   86.149351    0.000000
   412   84.458893    0.000000
   413   82.725252    0.000000
   414   80.955664    0.000000
   415   79.156736    0.000001
   416   77.334528    0.000002
   417   75.494615    0.000003
   418   73.642139    0.000005
   419   71.781845    0.000008
   420   69.918118    0.000012
   421   68.055008    0.000016
   422   66.196255    0.000022
   423   64.345307    0.000029
   424   62.505342    0.000038
   425   60.679281    0.000049
   426   58.869802    0.000062
   427   57.079356    0.000077
   428   55.310178    0.000095
   429   53.564299    0.000116
   430   51.843555    0.000140
   431   50.149600    0.000167
   432   48.483914    0.000196
   433   46.847811    0.000231
   434   45.242452    0.000272
   435   43.668850    0.000324
   436   42.127878    0.000391
   437   40.620279    0.000477
   438   39.146672    0.000588
   439   37.707561    0.000724
   440   36.303339    0.000886
   441   34.934297    0.001076
   442   33.600632    0.001297
   443   32.302449    0.001561
   444   31.039770    0.001880
   445   29.812542    0.002263
   446   28.620636    0.002704
   447   27.463859    0.003218
   448   26.341955    0.003825
   449   25.254613    0.004540
   450   24.201468    0.005374
   451   23.182111    0.006340
   452   22.196086    0.007459
   453   21.242902    0.008763
   454   20.322030    0.010291
   455   19.432913    0.012085
   456   18.574964    0.014181
   457   17.747573    0.016591
   458   16.950107    0.019356
   459   16.181919    0.022529
   460   15.442343    0.026186
   461   14.730702    0.030385
   462   14.046310    0.035172
   463   13.388471    0.040611
   464   12.756485    0.046810
   465   12.149650    0.053920
   466   11.567259    0.062084
   467   11.008608    0.071400
   468   10.472995    0.081943
   469    9.959719    0.093876
   470    9.468087    0.107357
   471    8.997410    0.122720
   472    8.547006    0.140141
   473    8.116203    0.159811
   474    7.704336    0.181891
   475    7.310753    0.206667
   476    6.934811    0.234439
   477    6.575878    0.265597
   478    6.233336    0.300340
   479    5.906579    0.339164
   480    5.595012    0.382473
   481    5.298057    0.430669
   482    5.015148    0.484290
   483    4.745733    0.544005
   484    4.489275    0.610264
   485    4.245250    0.683866
   486    4.013151    0.765487
   487    3.792482    0.855922
   488    3.582766    0.955912
   489    3.383537    1.066463
   490    3.194345    1.188310
   491    3.014755    1.322453
   492    2.844344    1.470168
   493    2.682706    1.632312
   494    2.529446    1.809984
   495    2.384186    2.004207
   496    2.246559    2.216387
   497    2.116213    2.447697
   498    1.992807    2.699029
   499    1.876015    2.972265
   500    1.765522    3.268412
   501    1.661026    3.589194
   502    1.562238    3.936591
   503    1.468877    4.312359
   504    1.380678    4.718793
   505    1.297384    5.156776
   506    1.218749    5.628794
   507    1.144539    6.136514
   508    1.074528    6.680598
   509    1.008501    7.263001
   510    0.946253    7.884535
   511    0.887587    8.546277
   512    0.832316    9.248697
   513    0.780260    9.994041
   514    0.731248   10.782070
   515    0.685118   11.615339
   516    0.641714   12.494547
   517    0.600889   13.419329
   518    0.562501   14.391390
   519    0.526416   15.408740
   520    0.492508   16.471662
   521    0.460655   17.577511
   522    0.430742   18.722675
   523    0.402659   19.905002
   524    0.376302   21.118369
   525    0.351574   22.359210
   526    0.328381   23.621321
   527    0.306634   24.901177
   528    0.286249   26.192593
   529    0.267147   27.490936
   530    0.249252   28.791971
   531    0.232493   30.086949
   532    0.216803   31.372352
   533    0.202118   32.640330
   534    0.188377   33.883940
   535    0.175524   35.091152
   536    0.163505   36.257233
   537    0.152268   37.364841
   538    0.141767   38.409078
   539    0.131955   39.383405
   540    0.122791   40.279182
   541    0.114233   41.091234
   542    0.106245   41.815582
   543    0.098789   42.452550
   544    0.091833   42.992739
   545    0.085345   43.444616
   546    0.079295   43.793712
   547    0.073656   44.026668
   548    0.068400   44.145195
   549    0.063503   44.130296
   550    0.058942   43.978207
   551    0.054695   43.685162
   552    0.050741   43.251006
   553    0.047061   42.679916
   554    0.043638   41.976354
   555    0.040453   41.175950
   556    0.037491   40.273634
   557    0.034738   39.287575
   558    0.032179   38.253887
   559    0.029802   37.161608
   560    0.027593   36.019324
   561    0.025542   34.841059
   562    0.023637   33.613047
   563    0.021870   32.344872
   564    0.020229   31.040490
   565    0.018707   29.703062
   566    0.017296   28.343373
   567    0.015987   26.973795
   568    0.014774   25.599985
   569    0.013650   24.243056
   570    0.012608   22.913081
   571    0.011643   21.618064
   572    0.010749   20.373756
   573    0.009922   19.186993
   574    0.009156   18.070655
   575    0.008447   17.027138
   576    0.007791   16.068912
   577    0.007185   15.186587
   578    0.006624   14.392835
   579    0.006106   13.677610
   580    0.005627   13.039726
   581    0.005184   12.474199
   582    0.004775   11.977887
   583    0.004397   11.547815
   584    0.004049   11.182646
   585    0.003727   10.887521
   586    0.003430   10.665838
   587    0.003156   10.529028
   588    0.002903   10.485278
   589    0.002669   10.545117
   590    0.002454   10.715408
   591    0.002256   10.999899
   592    0.002074   11.398393
   593    0.001905   11.905198
   594    0.001750   12.514438
   595    0.001608   13.218592
   596    0.001476   14.006992
   597    0.001355   14.869969
   598    0.001244   15.814596
   599    0.001141   16.834171
   600    0.001047   17.947281
   601    0.000960   19.162836
   602    0.000881   20.497700
   603    0.000807   21.980975
   604    0.000740   23.640279
   605    0.000678   25.495128
   606    0.000622   27.560848
   607    0.000569   29.865649
   608    0.000521   32.424446
   609    0.000477   35.234307
   610    0.000437   38.306146
   611    0.000400   41.649769
   612    0.000366   45.265243
   613    0.000335   49.177893
   614    0.000306   53.414523
   615    0.000280   58.027483
   616    0.000256   63.055516
   617    0.000234   68.564280
   618    0.000214   74.616038
   619    0.000196   81.233424
   620    0.000179   88.517122
   621    0.000163   96.422317
   622    0.000149  105.007511
   623    0.000136  114.282808
   624    0.000124  124.226919
   625    0.000113  134.825857
   626    0.000103  146.107289
   627    0.000094  158.005974
   628    0.000086  170.695734
   629    0.000078  184.124746
   630    0.000072  198.532554
   631    0.000065  214.194578
   632    0.000059  231.378172
   633    0.000054  250.402163
   634    0.000049  271.586433
   635    0.000045  295.184536
   636    0.000041  321.215113
   637    0.000037  349.909188
   638    0.000034  380.938256
   639    0.000031  414.130718
   640    0.000028  449.477965
   641    0.000026  486.891324
   642    0.000023  526.687516
   643    0.000021  569.422012
   644    0.000019  616.008467
   645    0.000017  667.669255
   646    0.000016  725.787570
   647    0.000014  791.801317
   648    0.000013  867.028754
   649    0.000012  952.543129
#CDM-nucleon cross sections[pb]:
   201 9.081654E-10 #proton SI
   202 0.000000E+00 #proton SD
   203 9.361016E-10 #neutron SI
   204 0.000000E+00 #neutron SD
