BLOCK DarkMatter
   1   5.369658E-02   #dark matter relick densisty
   2   4.485930E-01   #ratio omega_N/omega_0
   100 0.551086 # ~nI1 ~nI1 -> Wm Wp
   101 0.242516 # ~nI1 ~nI1 -> Z Z
   102 0.135241 # ~nI1 ~nI1 -> h2 h2
   103 0.067803 # ~nI1 ~nI1 -> h1 h2
   301  1.367128E+02  #Dark Matter Mass (GeV)
   302  4.857147E-26  #SigmaV=[cm^3/s]
   401  136.712846    0.000052
   402  136.156522    0.000000
   403  135.145171    0.000000
   404  133.846674    0.000000
   405  132.325127    0.000000
   406  130.620197    0.000000
   407  128.760566    0.000000
   408  126.768763    0.000000
   409  124.663405    0.000000
   410  122.460403    0.000001
   411  120.173670    0.000001
   412  117.815573    0.000002
   413  115.397238    0.000003
   414  112.928758    0.000005
   415  110.419352    0.000007
   416  107.877471    0.000009
   417  105.310892    0.000011
   418  102.726788    0.000014
   419  100.131779    0.000040
   420   97.531981    0.000044
   421   94.933044    0.000051
   422   92.340184    0.000153
   423   89.758212    0.000164
   424   87.191561    0.000175
   425   84.644304    0.000188
   426   82.120179    0.000203
   427   79.622604    0.000219
   428   77.154697    0.000238
   429   74.719291    0.000259
   430   72.318946    0.000284
   431   69.955971    0.000314
   432   67.632429    0.000349
   433   65.350155    0.000389
   434   63.110766    0.000437
   435   60.915676    0.000496
   436   58.766104    0.000566
   437   56.663085    0.000647
   438   54.607484    0.000741
   439   52.600002    0.000852
   440   50.641188    0.000986
   441   48.731449    0.001149
   442   46.871058    0.001342
   443   45.060163    0.001567
   444   43.298796    0.001724
   445   41.586879    0.002023
   446   39.924234    0.002371
   447   38.310593    0.002760
   448   36.745598    0.003246
   449   35.228815    0.003812
   450   33.759735    0.004465
   451   32.337787    0.005218
   452   30.962336    0.006084
   453   29.632695    0.007089
   454   28.348130    0.008261
   455   27.107859    0.009625
   456   25.911067    0.011201
   457   24.756901    0.013002
   458   23.644480    0.015047
   459   22.572899    0.017375
   460   21.541231    0.020043
   461   20.548531    0.023117
   462   19.593840    0.026653
   463   18.676191    0.030701
   464   17.794605    0.035323
   465   16.948102    0.040608
   466   16.135699    0.046648
   467   15.356411    0.053528
   468   14.609260    0.061322
   469   13.893268    0.070153
   470   13.207468    0.080144
   471   12.550898    0.091531
   472   11.922609    0.104444
   473   11.321662    0.119126
   474   10.747131    0.135622
   475   10.198104    0.154225
   476    9.673685    0.175224
   477    9.172994    0.198880
   478    8.695166    0.225508
   479    8.239357    0.255386
   480    7.804739    0.288873
   481    7.390503    0.326436
   482    6.995860    0.368359
   483    6.620040    0.415124
   484    6.262295    0.467257
   485    5.921894    0.525370
   486    5.598127    0.589993
   487    5.290307    0.661878
   488    4.997764    0.741561
   489    4.719851    0.830128
   490    4.455939    0.928205
   491    4.205420    1.036752
   492    3.967706    1.156783
   493    3.742229    1.289203
   494    3.528440    1.435178
   495    3.325810    1.595689
   496    3.133828    1.771967
   497    2.952002    1.965051
   498    2.779858    2.176322
   499    2.616939    2.406944
   500    2.462807    2.658266
   501    2.317042    2.931576
   502    2.179237    3.228646
   503    2.049004    3.550746
   504    1.925971    3.899307
   505    1.809780    4.276077
   506    1.700089    4.682865
   507    1.596569    5.121511
   508    1.498908    5.593719
   509    1.406804    6.102135
   510    1.319972    6.648793
   511    1.238136    7.235729
   512    1.161036    7.864522
   513    1.088420    8.535829
   514    1.020052    9.251004
   515    0.955703   10.010225
   516    0.895157   10.813552
   517    0.838207   11.661448
   518    0.784658   12.553801
   519    0.734322   13.490449
   520    0.687022   14.471604
   521    0.642589   15.495066
   522    0.600861   16.559452
   523    0.561687   17.663435
   524    0.524921   18.805045
   525    0.490427   19.980927
   526    0.458074   21.189835
   527    0.427738   22.427650
   528    0.399302   23.691281
   529    0.372656   24.976124
   530    0.347693   26.278508
   531    0.324316   27.593198
   532    0.302429   28.914404
   533    0.281944   30.237765
   534    0.262776   31.556983
   535    0.244847   32.864894
   536    0.228080   34.156287
   537    0.212406   35.423662
   538    0.197757   36.660745
   539    0.184071   37.860977
   540    0.171287   39.014334
   541    0.159349   40.117302
   542    0.148205   41.159233
   543    0.137805   42.136519
   544    0.128102   43.039435
   545    0.119052   43.864205
   546    0.110613   44.605470
   547    0.102746   45.251959
   548    0.095414   45.812777
   549    0.088583   46.276237
   550    0.082221   46.639019
   551    0.076296   46.899931
   552    0.070781   47.056649
   553    0.065648   47.106365
   554    0.060872   47.041937
   555    0.056430   46.856396
   556    0.052299   46.562414
   557    0.048458   46.148174
   558    0.044889   45.614737
   559    0.041572   44.962887
   560    0.038491   44.207779
   561    0.035629   43.345723
   562    0.032973   42.384275
   563    0.030507   41.327991
   564    0.028219   40.192162
   565    0.026096   38.988090
   566    0.024127   37.724372
   567    0.022301   36.413158
   568    0.020609   35.064081
   569    0.019040   33.687203
   570    0.017587   32.290946
   571    0.016241   30.889400
   572    0.014994   29.486869
   573    0.013840   28.095955
   574    0.012772   26.727058
   575    0.011783   25.381607
   576    0.010869   24.066740
   577    0.010023   22.800160
   578    0.009240   21.574849
   579    0.008517   20.404259
   580    0.007849   19.291046
   581    0.007231   18.240124
   582    0.006661   17.257544
   583    0.006134   16.349348
   584    0.005648   15.518171
   585    0.005199   14.770439
   586    0.004784   14.111187
   587    0.004402   13.540322
   588    0.004049   13.061391
   589    0.003724   12.681458
   590    0.003424   12.396994
   591    0.003147   12.211616
   592    0.002893   12.121380
   593    0.002658   12.127788
   594    0.002442   12.231170
   595    0.002242   12.432348
   596    0.002059   12.729455
   597    0.001890   13.129588
   598    0.001735   13.631131
   599    0.001592   14.242882
   600    0.001461   14.964818
   601    0.001340   15.801329
   602    0.001229   16.759107
   603    0.001126   17.843524
   604    0.001033   19.057838
   605    0.000946   20.410302
   606    0.000867   21.909699
   607    0.000794   23.561690
   608    0.000727   25.383849
   609    0.000666   27.385517
   610    0.000610   29.584591
   611    0.000558   32.006913
   612    0.000511   34.664503
   613    0.000467   37.588221
   614    0.000427   40.789578
   615    0.000391   44.289696
   616    0.000357   48.117254
   617    0.000327   52.277507
   618    0.000299   56.808333
   619    0.000273   61.705872
   620    0.000249   67.002808
   621    0.000228   72.739026
   622    0.000208   78.932326
   623    0.000190   85.636029
   624    0.000173   92.902110
   625    0.000158  100.776990
   626    0.000144  109.352501
   627    0.000132  118.708663
   628    0.000120  128.921863
   629    0.000109  140.101739
   630    0.000100  152.365364
   631    0.000091  165.745263
   632    0.000083  180.350122
   633    0.000076  196.279003
   634    0.000069  213.607784
   635    0.000063  232.412038
   636    0.000057  252.797841
   637    0.000052  274.919183
   638    0.000047  298.892837
   639    0.000043  325.002452
   640    0.000039  353.252085
   641    0.000036  384.015651
   642    0.000032  417.502869
   643    0.000029  453.963360
   644    0.000027  493.662574
   645    0.000024  536.891675
   646    0.000022  583.961474
   647    0.000020  635.201865
   648    0.000018  690.998800
   649    0.000017  751.722977
#CDM-nucleon cross sections[pb]:
   201 5.533400E-09 #proton SI
   202 0.000000E+00 #proton SD
   203 5.865286E-09 #neutron SI
   204 0.000000E+00 #neutron SD
