BLOCK DarkMatter
   1   4.096477E-02   #dark matter relick densisty
   2   3.422286E-01   #ratio omega_N/omega_0
   100 0.564576 # ~nI1 ~nR1 -> nu4 nu4
   101 0.211802 # ~nI1 ~nI1 -> Wm Wp
   102 0.093455 # ~nI1 ~nI1 -> Z Z
   103 0.037443 # ~nI1 ~nI1 -> nu4 nu4
   104 0.037115 # ~nI1 ~nI1 -> h1 h2
   105 0.035453 # ~nI1 ~nI1 -> h2 h2
   301  1.385679E+02  #Dark Matter Mass (GeV)
   302  2.957451E-26  #SigmaV=[cm^3/s]
   401  138.567873    0.000048
   402  138.004000    0.000000
   403  136.978927    0.000000
   404  135.662811    0.000000
   405  134.120618    0.000000
   406  132.392554    0.000000
   407  130.507690    0.000000
   408  128.488861    0.000000
   409  126.354936    0.000000
   410  124.122042    0.000001
   411  121.804280    0.000001
   412  119.414187    0.000002
   413  116.963038    0.000003
   414  114.461064    0.000005
   415  111.917608    0.000007
   416  109.341237    0.000009
   417  106.739833    0.000012
   418  104.120666    0.000041
   419  101.490446    0.000044
   420   98.855371    0.000052
   421   96.221170    0.000055
   422   93.593128    0.000121
   423   90.976122    0.000127
   424   88.374644    0.000138
   425   85.792824    0.000150
   426   83.234450    0.000164
   427   80.702986    0.000179
   428   78.201593    0.000196
   429   75.733140    0.000216
   430   73.300226    0.000240
   431   70.905188    0.000268
   432   68.550119    0.000301
   433   66.236877    0.000339
   434   63.967103    0.000385
   435   61.742228    0.000440
   436   59.563489    0.000505
   437   57.431934    0.000581
   438   55.348441    0.000671
   439   53.313720    0.000778
   440   51.328327    0.000908
   441   49.392675    0.001065
   442   47.507041    0.001251
   443   45.671575    0.001467
   444   43.886308    0.001714
   445   42.151162    0.001938
   446   40.465958    0.002272
   447   38.830421    0.002669
   448   37.244191    0.003116
   449   35.706827    0.003670
   450   34.217814    0.004313
   451   32.776571    0.005046
   452   31.382457    0.005894
   453   30.034775    0.006879
   454   28.732779    0.008030
   455   27.475680    0.009372
   456   26.262649    0.010927
   457   25.092822    0.012703
   458   23.965307    0.014716
   459   22.879186    0.017003
   460   21.833519    0.019626
   461   20.827349    0.022653
   462   19.859705    0.026140
   463   18.929604    0.030131
   464   18.036056    0.034681
   465   17.178067    0.039881
   466   16.354640    0.045828
   467   15.564779    0.052608
   468   14.807489    0.060283
   469   14.081783    0.068964
   470   13.386677    0.078762
   471   12.721199    0.089915
   472   12.084385    0.102564
   473   11.475283    0.116933
   474   10.892957    0.133070
   475   10.336480    0.151248
   476    9.804945    0.171744
   477    9.297460    0.194817
   478    8.813149    0.220781
   479    8.351155    0.249869
   480    7.910639    0.282441
   481    7.490783    0.318922
   482    7.090785    0.359592
   483    6.709866    0.404919
   484    6.347267    0.455374
   485    6.002246    0.511586
   486    5.674087    0.574040
   487    5.362090    0.643485
   488    5.065578    0.720414
   489    4.783894    0.805893
   490    4.516400    0.900550
   491    4.262482    1.005298
   492    4.021543    1.121188
   493    3.793006    1.249023
   494    3.576317    1.390039
   495    3.370938    1.545142
   496    3.176351    1.715497
   497    2.992057    1.902177
   498    2.817577    2.106459
   499    2.652448    2.329528
   500    2.496225    2.572607
   501    2.348481    2.836957
   502    2.208806    3.124366
   503    2.076807    3.436031
   504    1.952104    3.773415
   505    1.834336    4.138201
   506    1.723157    4.532329
   507    1.618233    4.957552
   508    1.519246    5.415639
   509    1.425893    5.908979
   510    1.337882    6.439629
   511    1.254936    7.009230
   512    1.176790    7.619104
   513    1.103189    8.269781
   514    1.033893    8.962481
   515    0.968670    9.697688
   516    0.907303   10.475257
   517    0.849581   11.296094
   518    0.795305   12.160294
   519    0.744286   13.068029
   520    0.696344   14.020007
   521    0.651308   15.014627
   522    0.609014   16.051034
   523    0.569308   17.127953
   524    0.532044   18.243719
   525    0.497082   19.394836
   526    0.464289   20.579863
   527    0.433542   21.794589
   528    0.404720   23.035713
   529    0.377712   24.298722
   530    0.352411   25.579897
   531    0.328716   26.873849
   532    0.306532   28.174925
   533    0.285769   29.479233
   534    0.266342   30.780727
   535    0.248169   32.072010
   536    0.231175   33.348615
   537    0.215288   34.602601
   538    0.200441   35.828334
   539    0.186568   37.018972
   540    0.173611   38.164479
   541    0.161511   39.260768
   542    0.150216   40.298298
   543    0.139675   41.273647
   544    0.129840   42.176914
   545    0.120667   43.004685
   546    0.112114   43.753865
   547    0.104140   44.410558
   548    0.096709   44.985252
   549    0.089785   45.467440
   550    0.083337   45.854359
   551    0.077332   46.139551
   552    0.071741   46.326772
   553    0.066539   46.407651
   554    0.061698   46.375878
   555    0.057195   46.225958
   556    0.053008   45.968303
   557    0.049116   45.592386
   558    0.045498   45.097846
   559    0.042136   44.483741
   560    0.039013   43.769997
   561    0.036113   42.945070
   562    0.033420   42.027963
   563    0.030921   41.008986
   564    0.028602   39.912791
   565    0.026450   38.748771
   566    0.024454   37.524935
   567    0.022604   36.253685
   568    0.020889   34.945158
   569    0.019299   33.608942
   570    0.017826   32.255000
   571    0.016461   30.893956
   572    0.015198   29.529903
   573    0.014028   28.175171
   574    0.012945   26.840413
   575    0.011943   25.529562
   576    0.011016   24.245494
   577    0.010159   23.007435
   578    0.009366   21.809658
   579    0.008633   20.665269
   580    0.007956   19.578790
   581    0.007330   18.553365
   582    0.006751   17.597027
   583    0.006217   16.716597
   584    0.005724   15.915321
   585    0.005269   15.199600
   586    0.004849   14.572922
   587    0.004461   14.037735
   588    0.004104   13.598414
   589    0.003774   13.256353
   590    0.003470   13.009502
   591    0.003190   12.861591
   592    0.002932   12.808810
   593    0.002694   12.853868
   594    0.002475   12.998216
   595    0.002273   13.243682
   596    0.002087   13.589220
   597    0.001916   14.043881
   598    0.001759   14.604576
   599    0.001614   15.282148
   600    0.001480   16.073993
   601    0.001358   16.984839
   602    0.001245   18.020561
   603    0.001142   19.187126
   604    0.001047   20.489830
   605    0.000959   21.933704
   606    0.000879   23.533809
   607    0.000805   25.295138
   608    0.000737   27.234629
   609    0.000675   29.367962
   610    0.000618   31.708581
   611    0.000566   34.286582
   612    0.000518   37.116667
   613    0.000474   40.226853
   614    0.000433   43.631331
   615    0.000396   47.352057
   616    0.000362   51.422550
   617    0.000331   55.841777
   618    0.000303   60.654782
   619    0.000276   65.853155
   620    0.000253   71.471900
   621    0.000231   77.553176
   622    0.000211   84.099217
   623    0.000192   91.179030
   624    0.000176   98.830254
   625    0.000160  107.105087
   626    0.000146  116.080529
   627    0.000133  125.854874
   628    0.000122  136.467753
   629    0.000111  148.060716
   630    0.000101  160.740575
   631    0.000092  174.522154
   632    0.000084  189.526872
   633    0.000077  205.849416
   634    0.000070  223.578942
   635    0.000064  242.808058
   636    0.000058  263.600572
   637    0.000053  286.191172
   638    0.000048  310.618165
   639    0.000044  337.208424
   640    0.000040  365.947969
   641    0.000036  397.203855
   642    0.000033  431.166498
   643    0.000030  468.059239
   644    0.000027  508.124615
   645    0.000025  551.618698
   646    0.000022  598.839071
   647    0.000020  650.093399
   648    0.000019  705.776501
   649    0.000017  766.255874
#CDM-nucleon cross sections[pb]:
   201 3.065279E-09 #proton SI
   202 0.000000E+00 #proton SD
   203 3.247868E-09 #neutron SI
   204 0.000000E+00 #neutron SD
