BLOCK DarkMatter
   1   7.919271E-02   #dark matter relick densisty
   2   6.615932E-01   #ratio omega_N/omega_0
   100 0.374669 # ~nI1 ~nI1 -> Wm Wp
   101 0.169648 # ~nI1 ~nI1 -> Z Z
   102 0.099463 # ~nI1 ~nI1 -> h1 h2
   103 0.081939 # ~nI1 ~nI1 -> h2 h2
   104 0.042987 # ~N1 ~N1 -> h2 h2
   105 0.040524 # ~N1 ~N1 -> h2 Z
   106 0.040090 # ~nI1 ~N1 -> Z nu4
   107 0.028992 # ~N1 ~N1 -> Wm Wp
   108 0.026163 # ~nI1 ~N1 -> h1 nu4
   109 0.024770 # ~N1 ~N1 -> nu4 nu4
   110 0.020117 # ~nI1 ~N1 -> h2 nu4
   111 0.015237 # ~N1 ~N1 -> Z Z
   112 0.012955 # ~N1 ~N1 -> u3 U3
   113 0.010034 # ~N1 ~N1 -> h1 Z
   301  1.578904E+02  #Dark Matter Mass (GeV)
   302  4.002851E-26  #SigmaV=[cm^3/s]
   401  157.890402    0.000030
   402  157.247900    0.000000
   403  156.079886    0.000000
   404  154.580245    0.000000
   405  152.823002    0.000000
   406  150.853969    0.000000
   407  148.706271    0.000000
   408  146.405927    0.000000
   409  143.974438    0.000001
   410  141.430179    0.000001
   411  138.789219    0.000002
   412  136.065839    0.000003
   413  133.272891    0.000004
   414  130.422031    0.000033
   415  127.523904    0.000034
   416  124.588272    0.000088
   417  121.624117    0.000090
   418  118.639721    0.000093
   419  115.642731    0.000097
   420  112.640210    0.000103
   421  109.638683    0.000109
   422  106.644175    0.000116
   423  103.662243    0.000123
   424  100.698003    0.000132
   425   97.756163    0.000142
   426   94.841037    0.000154
   427   91.956574    0.000168
   428   89.106375    0.000185
   429   86.293711    0.000205
   430   83.521540    0.000228
   431   80.792528    0.000256
   432   78.109056    0.000288
   433   75.473245    0.000327
   434   72.886964    0.000372
   435   70.351843    0.000426
   436   67.869290    0.000489
   437   65.440502    0.000564
   438   63.066477    0.000653
   439   60.748025    0.000756
   440   58.485780    0.000879
   441   56.280213    0.001022
   442   54.131637    0.001190
   443   52.040225    0.001386
   444   50.006012    0.001616
   445   48.028910    0.001883
   446   46.108713    0.002195
   447   44.245110    0.002558
   448   42.437689    0.002979
   449   40.685948    0.003470
   450   38.989300    0.004039
   451   37.347084    0.004653
   452   35.758568    0.005416
   453   34.222959    0.006341
   454   32.739408    0.007365
   455   31.307013    0.008487
   456   29.924831    0.009817
   457   28.591878    0.011371
   458   27.307137    0.013159
   459   26.069563    0.015206
   460   24.878083    0.017560
   461   23.731609    0.020257
   462   22.629032    0.023341
   463   21.569233    0.026868
   464   20.551085    0.030896
   465   19.573454    0.035488
   466   18.635205    0.040727
   467   17.735202    0.046692
   468   16.872312    0.053480
   469   16.045410    0.061185
   470   15.253376    0.069968
   471   14.495100    0.079895
   472   13.769486    0.091169
   473   13.075449    0.103882
   474   12.411920    0.118276
   475   11.777846    0.134555
   476   11.172191    0.152855
   477   10.593940    0.173499
   478   10.042094    0.196677
   479    9.515678    0.222740
   480    9.013735    0.251934
   481    8.535331    0.284587
   482    8.079556    0.321069
   483    7.645520    0.361765
   484    7.232358    0.407118
   485    6.839227    0.457677
   486    6.465307    0.513981
   487    6.109804    0.576522
   488    5.771945    0.646053
   489    5.450981    0.723093
   490    5.146187    0.808400
   491    4.856862    0.902835
   492    4.582325    1.007160
   493    4.321920    1.122515
   494    4.075015    1.249745
   495    3.840996    1.389930
   496    3.619275    1.544132
   497    3.409283    1.713366
   498    3.210472    1.898891
   499    3.022317    2.101490
   500    2.844310    2.322533
   501    2.675964    2.563029
   502    2.516812    2.824286
   503    2.366406    3.107368
   504    2.224314    3.414001
   505    2.090125    3.745785
   506    1.963441    4.104943
   507    1.843886    4.493662
   508    1.731097    4.913685
   509    1.624726    5.367036
   510    1.524443    5.855026
   511    1.429930    6.378471
   512    1.340886    6.938261
   513    1.257023    7.534941
   514    1.178063    8.168922
   515    1.103746    8.840498
   516    1.033821    9.550931
   517    0.968050   10.299436
   518    0.906206   11.087260
   519    0.848073   11.914420
   520    0.793446   12.782423
   521    0.742129   13.691326
   522    0.693938   14.641713
   523    0.648695   15.633418
   524    0.606235   16.665799
   525    0.566397   17.737831
   526    0.529032   18.847034
   527    0.493997   19.989372
   528    0.461156   21.161584
   529    0.430382   22.358102
   530    0.401553   23.574261
   531    0.374554   24.805399
   532    0.349277   26.046489
   533    0.325618   27.291778
   534    0.303482   28.534248
   535    0.282775   29.770095
   536    0.263411   30.993990
   537    0.245309   32.198349
   538    0.228391   33.379222
   539    0.212584   34.532182
   540    0.197820   35.651168
   541    0.184033   36.733831
   542    0.171163   37.772598
   543    0.159152   38.759661
   544    0.147946   39.695151
   545    0.137494   40.564403
   546    0.127747   41.371041
   547    0.118662   42.110582
   548    0.110194   42.779612
   549    0.102305   43.374737
   550    0.094957   43.893401
   551    0.088115   44.326596
   552    0.081745   44.675464
   553    0.075817   44.925816
   554    0.070301   45.073598
   555    0.065171   45.115055
   556    0.060400   45.051350
   557    0.055964   44.877231
   558    0.051842   44.585965
   559    0.048012   44.195410
   560    0.044453   43.693481
   561    0.041149   43.080208
   562    0.038081   42.378991
   563    0.035233   41.571200
   564    0.032590   40.684799
   565    0.030138   39.718994
   566    0.027864   38.680621
   567    0.025756   37.580444
   568    0.023801   36.428418
   569    0.021990   35.228075
   570    0.020312   33.991055
   571    0.018757   32.723469
   572    0.017317   31.437015
   573    0.015984   30.137561
   574    0.014750   28.835845
   575    0.013609   27.538969
   576    0.012552   26.255781
   577    0.011575   24.994657
   578    0.010672   23.765321
   579    0.009837   22.571459
   580    0.009065   21.417287
   581    0.008352   20.311597
   582    0.007693   19.250913
   583    0.007084   18.254796
   584    0.006523   17.319340
   585    0.006004   16.455376
   586    0.005525   15.665064
   587    0.005084   14.955948
   588    0.004676   14.329852
   589    0.004301   13.786294
   590    0.003954   13.328234
   591    0.003635   12.958714
   592    0.003341   12.678284
   593    0.003069   12.491967
   594    0.002820   12.400606
   595    0.002590   12.405459
   596    0.002378   12.508265
   597    0.002183   12.711655
   598    0.002004   13.016959
   599    0.001839   13.426808
   600    0.001687   13.948110
   601    0.001547   14.586703
   602    0.001419   15.347667
   603    0.001301   16.229413
   604    0.001192   17.239227
   605    0.001093   18.377132
   606    0.001001   19.643687
   607    0.000917   21.047966
   608    0.000840   22.604056
   609    0.000769   24.317425
   610    0.000704   26.215186
   611    0.000645   28.303855
   612    0.000590   30.592317
   613    0.000540   33.090299
   614    0.000494   35.838015
   615    0.000451   38.838983
   616    0.000413   42.117189
   617    0.000377   45.705844
   618    0.000345   49.617603
   619    0.000315   53.866771
   620    0.000288   58.486075
   621    0.000263   63.510243
   622    0.000240   68.940354
   623    0.000219   74.844626
   624    0.000200   81.230395
   625    0.000183   88.187669
   626    0.000167   95.758209
   627    0.000152  103.997955
   628    0.000139  112.969989
   629    0.000126  122.792727
   630    0.000115  133.515712
   631    0.000105  145.227764
   632    0.000096  157.950478
   633    0.000087  171.742137
   634    0.000079  186.815711
   635    0.000072  203.206701
   636    0.000066  221.096400
   637    0.000060  240.552825
   638    0.000055  261.790985
   639    0.000050  284.932440
   640    0.000045  310.200087
   641    0.000041  337.759500
   642    0.000037  367.803746
   643    0.000034  400.520496
   644    0.000031  436.067089
   645    0.000028  474.725150
   646    0.000026  516.693771
   647    0.000023  562.364437
   648    0.000021  612.010525
   649    0.000019  665.974381
#CDM-nucleon cross sections[pb]:
   201 4.977522E-09 #proton SI
   202 0.000000E+00 #proton SD
   203 5.299994E-09 #neutron SI
   204 0.000000E+00 #neutron SD
