BLOCK DarkMatter
   1   5.941587E-02   #dark matter relick densisty
   2   4.963732E-01   #ratio omega_N/omega_0
   100 0.671130 # ~nI1 ~nI1 -> Wm Wp
   101 0.280196 # ~nI1 ~nI1 -> Z Z
   102 0.046610 # ~nI1 ~nI1 -> h1 h1
   301  1.143493E+02  #Dark Matter Mass (GeV)
   302  4.168584E-26  #SigmaV=[cm^3/s]
   401  114.349327    0.000203
   402  113.884006    0.000000
   403  113.038093    0.000000
   404  111.952004    0.000000
   405  110.679352    0.000000
   406  109.253315    0.000000
   407  107.697883    0.000000
   408  106.031899    0.000000
   409  104.270937    0.000000
   410  102.428302    0.000000
   411  100.515633    0.000001
   412   98.543274    0.000001
   413   96.520531    0.000002
   414   94.455846    0.000003
   415   92.356929    0.000005
   416   90.230849    0.000008
   417   88.084112    0.000011
   418   85.922717    0.000014
   419   83.752200    0.000018
   420   81.577677    0.000023
   421   79.403874    0.000029
   422   77.235155    0.000035
   423   75.075543    0.000042
   424   72.928745    0.000050
   425   70.798169    0.000060
   426   68.686941    0.000073
   427   66.597920    0.000090
   428   64.533714    0.000110
   429   62.496692    0.000133
   430   60.488996    0.000160
   431   58.512557    0.000192
   432   56.569100    0.000236
   433   54.660161    0.000288
   434   52.787092    0.000346
   435   50.951076    0.000414
   436   49.153131    0.000498
   437   47.394125    0.000600
   438   45.674779    0.000721
   439   43.995681    0.000864
   440   42.357290    0.001028
   441   40.759947    0.001220
   442   39.203880    0.001446
   443   37.689211    0.001711
   444   36.215969    0.002022
   445   34.784087    0.002389
   446   33.393419    0.002821
   447   32.043737    0.003330
   448   30.734745    0.003928
   449   29.466077    0.004626
   450   28.237310    0.005439
   451   27.047964    0.006381
   452   25.897510    0.007471
   453   24.785372    0.008732
   454   23.710936    0.010189
   455   22.673550    0.011863
   456   21.672529    0.013788
   457   20.707161    0.016010
   458   19.776711    0.018574
   459   18.880419    0.021527
   460   18.017511    0.024911
   461   17.187197    0.028777
   462   16.388675    0.033189
   463   15.621135    0.038216
   464   14.883759    0.043932
   465   14.175728    0.050431
   466   13.496217    0.057824
   467   12.844406    0.066247
   468   12.219473    0.075790
   469   11.620604    0.086549
   470   11.046987    0.098616
   471   10.497819    0.112200
   472    9.972306    0.127630
   473    9.469662    0.145056
   474    8.989113    0.164711
   475    8.529896    0.186851
   476    8.091262    0.211576
   477    7.672473    0.239214
   478    7.272809    0.270139
   479    6.891561    0.304658
   480    6.528038    0.343144
   481    6.181562    0.386095
   482    5.851475    0.433863
   483    5.537133    0.486963
   484    5.237907    0.545945
   485    4.953189    0.611263
   486    4.682384    0.683567
   487    4.424917    0.763571
   488    4.180229    0.851791
   489    3.947777    0.949223
   490    3.727035    1.056385
   491    3.517496    1.174347
   492    3.318667    1.303851
   493    3.130074    1.445913
   494    2.951257    1.601587
   495    2.781774    1.772101
   496    2.621196    1.958312
   497    2.469113    2.161438
   498    2.325128    2.382896
   499    2.188859    2.623643
   500    2.059941    2.885349
   501    1.938019    3.168820
   502    1.822757    3.476043
   503    1.713827    3.808377
   504    1.610920    4.167444
   505    1.513736    4.554483
   506    1.421988    4.971809
   507    1.335402    5.420366
   508    1.253716    5.902489
   509    1.176679    6.419285
   510    1.104051    6.972086
   511    1.035602    7.562338
   512    0.971113    8.190881
   513    0.910376    8.858615
   514    0.853191    9.566525
   515    0.799369   10.315286
   516    0.748727   11.104816
   517    0.701093   11.935559
   518    0.656304   12.807537
   519    0.614202   13.720530
   520    0.574639   14.672948
   521    0.537474   15.665796
   522    0.502572   16.695391
   523    0.469806   17.762246
   524    0.439055   18.861508
   525    0.410203   19.992028
   526    0.383142   21.150388
   527    0.357768   22.332627
   528    0.333984   23.535227
   529    0.311697   24.752045
   530    0.290818   25.978396
   531    0.271264   27.208788
   532    0.252957   28.439132
   533    0.235823   29.662514
   534    0.219791   30.871946
   535    0.204795   32.059017
   536    0.190771   33.221169
   537    0.177661   34.347548
   538    0.165408   35.433922
   539    0.153960   36.468779
   540    0.143268   37.447461
   541    0.133283   38.361821
   542    0.123962   39.209357
   543    0.115263   39.970164
   544    0.107147   40.655371
   545    0.099577   41.248642
   546    0.092519   41.745226
   547    0.085939   42.149134
   548    0.079806   42.441044
   549    0.074093   42.635621
   550    0.068771   42.721171
   551    0.063816   42.692024
   552    0.059203   42.564006
   553    0.054909   42.310889
   554    0.050915   41.956435
   555    0.047199   41.493888
   556    0.043744   40.934588
   557    0.040531   40.264165
   558    0.037546   39.510716
   559    0.034771   38.667998
   560    0.032194   37.737220
   561    0.029801   36.732986
   562    0.027579   35.661558
   563    0.025517   34.522655
   564    0.023603   33.333103
   565    0.021827   32.101562
   566    0.020180   30.832739
   567    0.018653   29.543302
   568    0.017238   28.241449
   569    0.015926   26.936413
   570    0.014710   25.644239
   571    0.013584   24.371430
   572    0.012542   23.127478
   573    0.011576   21.921568
   574    0.010683   20.759866
   575    0.009856   19.648101
   576    0.009091   18.592249
   577    0.008383   17.596661
   578    0.007729   16.669616
   579    0.007124   15.804235
   580    0.006565   15.016215
   581    0.006049   14.303752
   582    0.005571   13.670201
   583    0.005131   13.119289
   584    0.004724   12.651627
   585    0.004348   12.270618
   586    0.004002   11.977462
   587    0.003682   11.772347
   588    0.003387   11.656912
   589    0.003115   11.632093
   590    0.002864   11.700938
   591    0.002632   11.862814
   592    0.002419   12.123153
   593    0.002223   12.480285
   594    0.002042   12.943508
   595    0.001876   13.506106
   596    0.001722   14.178771
   597    0.001581   14.954800
   598    0.001451   15.845136
   599    0.001332   16.841759
   600    0.001222   17.958881
   601    0.001121   19.199273
   602    0.001028   20.571699
   603    0.000942   22.090894
   604    0.000864   23.769082
   605    0.000791   25.628853
   606    0.000725   27.668922
   607    0.000664   29.927604
   608    0.000608   32.400376
   609    0.000557   35.090072
   610    0.000510   38.017851
   611    0.000467   41.182827
   612    0.000427   44.608788
   613    0.000391   48.300850
   614    0.000357   52.297054
   615    0.000327   56.630742
   616    0.000299   61.365816
   617    0.000273   66.538381
   618    0.000250   72.202611
   619    0.000228   78.398946
   620    0.000208   85.215222
   621    0.000190   92.624411
   622    0.000174  100.696766
   623    0.000159  109.461088
   624    0.000145  118.965597
   625    0.000132  129.251098
   626    0.000121  140.380216
   627    0.000110  152.438809
   628    0.000100  165.440046
   629    0.000092  179.601963
   630    0.000083  194.943217
   631    0.000076  211.598020
   632    0.000069  229.607334
   633    0.000063  249.263220
   634    0.000058  270.512165
   635    0.000052  293.589396
   636    0.000048  318.887412
   637    0.000043  346.325181
   638    0.000040  376.371142
   639    0.000036  409.247686
   640    0.000033  445.295523
   641    0.000030  484.832308
   642    0.000027  528.246843
   643    0.000025  575.940959
   644    0.000022  628.286770
   645    0.000020  685.680075
   646    0.000019  748.520506
   647    0.000017  817.221606
   648    0.000015  892.272976
   649    0.000014  974.163290
#CDM-nucleon cross sections[pb]:
   201 1.744993E-09 #proton SI
   202 0.000000E+00 #proton SD
   203 1.782277E-09 #neutron SI
   204 0.000000E+00 #neutron SD
