BLOCK DarkMatter
   1   1.182146E-01   #dark matter relick densisty
   2   9.875908E-01   #ratio omega_N/omega_0
   100 0.455740 # ~nI1 ~nI1 -> Wm Wp
   101 0.202253 # ~nI1 ~nI1 -> Z Z
   102 0.121450 # ~nI1 ~nI1 -> nu4 nu4
   103 0.111359 # ~nI1 ~nI1 -> h1 h1
   104 0.064342 # ~nI1 ~nI1 -> h1 h2
   105 0.035653 # ~nI1 ~nI1 -> h2 h2
   301  1.420298E+02  #Dark Matter Mass (GeV)
   302  2.159680E-26  #SigmaV=[cm^3/s]
   401  142.029775    0.000064
   402  141.451815    0.000000
   403  140.401131    0.000000
   404  139.052135    0.000000
   405  137.471413    0.000000
   406  135.700175    0.000000
   407  133.768221    0.000000
   408  131.698954    0.000000
   409  129.511717    0.000000
   410  127.223038    0.000001
   411  124.847370    0.000001
   412  122.397564    0.000002
   413  119.885177    0.000003
   414  117.320695    0.000005
   415  114.713695    0.000007
   416  112.072957    0.000018
   417  109.406561    0.000037
   418  106.721958    0.000040
   419  104.026026    0.000046
   420  101.325119    0.000072
   421   98.625105    0.000076
   422   95.931406    0.000080
   423   93.249018    0.000090
   424   90.582547    0.000099
   425   87.936224    0.000110
   426   85.313933    0.000123
   427   82.719224    0.000138
   428   80.155337    0.000155
   429   77.625215    0.000175
   430   75.131518    0.000199
   431   72.676644    0.000227
   432   70.262736    0.000261
   433   67.891702    0.000299
   434   65.565221    0.000346
   435   63.284761    0.000401
   436   61.051589    0.000467
   437   58.866782    0.000544
   438   56.731235    0.000635
   439   54.645680    0.000743
   440   52.610685    0.000857
   441   50.626674    0.001007
   442   48.693931    0.001214
   443   46.812608    0.001403
   444   44.982738    0.001669
   445   43.204243    0.001933
   446   41.476937    0.002277
   447   39.800539    0.002642
   448   38.174679    0.003101
   449   36.598906    0.003620
   450   35.072692    0.004241
   451   33.595442    0.004955
   452   32.166499    0.005778
   453   30.785147    0.006730
   454   29.450623    0.007845
   455   28.162117    0.009132
   456   26.918780    0.010633
   457   25.719727    0.012348
   458   24.564043    0.014297
   459   23.450787    0.016518
   460   22.378995    0.019068
   461   21.347688    0.022015
   462   20.355868    0.025409
   463   19.402530    0.029295
   464   18.486659    0.033728
   465   17.607234    0.038797
   466   16.763236    0.044602
   467   15.953641    0.051229
   468   15.177431    0.058750
   469   14.433594    0.067267
   470   13.721122    0.076895
   471   13.039018    0.087844
   472   12.386294    0.100269
   473   11.761975    0.114365
   474   11.165100    0.130238
   475   10.594721    0.148138
   476   10.049907    0.168312
   477    9.529743    0.191037
   478    9.033332    0.216613
   479    8.559795    0.245286
   480    8.108274    0.277398
   481    7.677928    0.313361
   482    7.267937    0.353471
   483    6.877502    0.398196
   484    6.505843    0.447989
   485    6.152203    0.503479
   486    5.815845    0.565147
   487    5.496054    0.633716
   488    5.192134    0.709727
   489    4.903412    0.794131
   490    4.629235    0.887629
   491    4.368973    0.991109
   492    4.122015    1.105561
   493    3.887769    1.231834
   494    3.665666    1.371088
   495    3.455155    1.524283
   496    3.255707    1.692512
   497    3.066809    1.876875
   498    2.887970    2.078644
   499    2.718715    2.298916
   500    2.558589    2.538948
   501    2.407154    2.799971
   502    2.263990    3.083697
   503    2.128692    3.391294
   504    2.000874    3.724326
   505    1.880164    4.084435
   506    1.766207    4.473760
   507    1.658662    4.894163
   508    1.557202    5.347550
   509    1.461517    5.836080
   510    1.371307    6.361676
   511    1.286289    6.925454
   512    1.206190    7.528438
   513    1.130750    8.170984
   514    1.059723    8.853823
   515    0.992871    9.577605
   516    0.929970   10.342257
   517    0.870806   11.148475
   518    0.815174   11.996449
   519    0.762881   12.886450
   520    0.713741   13.819251
   521    0.667580   14.793893
   522    0.624229   15.809935
   523    0.583532   16.866350
   524    0.545336   17.961927
   525    0.509501   19.093716
   526    0.475889   20.259817
   527    0.444373   21.455617
   528    0.414832   22.677578
   529    0.387149   23.920438
   530    0.361216   25.180345
   531    0.336929   26.451953
   532    0.314191   27.729470
   533    0.292909   29.009345
   534    0.272996   30.285445
   535    0.254369   31.551694
   536    0.236951   32.804452
   537    0.220667   34.035578
   538    0.205448   35.240300
   539    0.191229   36.412268
   540    0.177948   37.542719
   541    0.165547   38.626963
   542    0.153969   39.657165
   543    0.143165   40.628743
   544    0.133084   41.534264
   545    0.123682   42.367726
   546    0.114915   43.128105
   547    0.106742   43.802633
   548    0.099125   44.398384
   549    0.092028   44.906250
   550    0.085419   45.325642
   551    0.079264   45.645252
   552    0.073534   45.874252
   553    0.068201   46.000433
   554    0.063239   46.018929
   555    0.058624   45.925602
   556    0.054333   45.728943
   557    0.050343   45.418614
   558    0.046634   44.992623
   559    0.043189   44.454175
   560    0.039988   43.816331
   561    0.037015   43.063945
   562    0.034255   42.227605
   563    0.031693   41.285316
   564    0.029316   40.264986
   565    0.027111   39.171578
   566    0.025065   38.012709
   567    0.023169   36.802225
   568    0.021410   35.544001
   569    0.019781   34.254116
   570    0.018271   32.940950
   571    0.016873   31.615324
   572    0.015578   30.285372
   573    0.014378   28.960768
   574    0.013269   27.653023
   575    0.012242   26.365049
   576    0.011291   25.101557
   577    0.010413   23.876056
   578    0.009600   22.685809
   579    0.008849   21.542410
   580    0.008154   20.448634
   581    0.007513   19.408125
   582    0.006920   18.427171
   583    0.006373   17.516018
   584    0.005867   16.678186
   585    0.005401   15.919465
   586    0.004970   15.249844
   587    0.004573   14.672677
   588    0.004206   14.190977
   589    0.003869   13.806344
   590    0.003557   13.517474
   591    0.003270   13.327059
   592    0.003005   13.231609
   593    0.002761   13.233482
   594    0.002536   13.333600
   595    0.002330   13.533467
   596    0.002139   13.833028
   597    0.001964   14.241435
   598    0.001802   14.756912
   599    0.001654   15.390409
   600    0.001517   16.141226
   601    0.001392   17.014819
   602    0.001276   18.017278
   603    0.001170   19.153939
   604    0.001073   20.432426
   605    0.000983   21.855195
   606    0.000901   23.436680
   607    0.000825   25.180614
   608    0.000756   27.101332
   609    0.000692   29.212499
   610    0.000633   31.527446
   611    0.000580   34.073273
   612    0.000531   36.866747
   613    0.000485   39.932372
   614    0.000444   43.293831
   615    0.000406   46.971644
   616    0.000371   50.999510
   617    0.000339   55.378584
   618    0.000310   60.147693
   619    0.000283   65.296668
   620    0.000259   70.856580
   621    0.000236   76.860696
   622    0.000216   83.295456
   623    0.000197   90.228879
   624    0.000180   97.681700
   625    0.000164  105.711234
   626    0.000150  114.379522
   627    0.000137  123.778071
   628    0.000125  133.934365
   629    0.000114  145.000149
   630    0.000104  157.064238
   631    0.000094  170.160031
   632    0.000086  184.386088
   633    0.000078  199.824682
   634    0.000071  216.585599
   635    0.000065  234.729578
   636    0.000059  254.315325
   637    0.000054  275.536533
   638    0.000049  298.424743
   639    0.000045  323.252199
   640    0.000041  350.047658
   641    0.000037  379.120846
   642    0.000034  410.675718
   643    0.000031  444.943697
   644    0.000028  482.177284
   645    0.000025  522.646138
   646    0.000023  566.583304
   647    0.000021  614.213164
   648    0.000019  665.822578
   649    0.000017  721.710300
#CDM-nucleon cross sections[pb]:
   201 1.107912E-09 #proton SI
   202 0.000000E+00 #proton SD
   203 1.155496E-09 #neutron SI
   204 0.000000E+00 #neutron SD
