BLOCK DarkMatter
   1   3.551604E-02   #dark matter relick densisty
   2   2.967088E-01   #ratio omega_N/omega_0
   100 0.395280 # ~N1 ~N1 -> nu4 nu4
   101 0.155208 # ~N1 ~N1 -> h2 Z
   102 0.128041 # ~N1 ~N1 -> h2 h2
   103 0.118883 # ~N1 ~N1 -> Wm Wp
   104 0.064278 # ~N1 ~N1 -> Z Z
   105 0.045931 # ~N1 ~N1 -> h1 Z
   106 0.023454 # ~N1 ~N1 -> u3 U3
   107 0.018020 # ~N1 ~N1 -> h1 h2
   108 0.013231 # ~nR1 ~N1 -> h2 nu4
   109 0.011312 # ~nR1 ~N1 -> h1 nu4
   301  1.635562E+02  #Dark Matter Mass (GeV)
   302  6.177282E-26  #SigmaV=[cm^3/s]
   401  163.556181    0.000103
   402  162.890624    0.000000
   403  161.680696    0.000000
   404  160.127242    0.000000
   405  158.306941    0.000000
   406  156.267251    0.000000
   407  154.042484    0.000000
   408  151.659594    0.000000
   409  149.140853    0.000000
   410  146.505296    0.000024
   411  143.769566    0.000024
   412  140.948460    0.000024
   413  138.055289    0.000025
   414  135.102128    0.000025
   415  132.100004    0.000026
   416  129.059029    0.000026
   417  125.988507    0.000027
   418  122.897019    0.000029
   419  119.792484    0.000031
   420  116.682220    0.000033
   421  113.572986    0.000035
   422  110.471022    0.000038
   423  107.382085    0.000041
   424  104.311476    0.000045
   425  101.264070    0.000050
   426   98.244337    0.000055
   427   95.256367    0.000061
   428   92.303891    0.000069
   429   89.390296    0.000078
   430   86.518648    0.000089
   431   83.691707    0.000102
   432   80.911941    0.000117
   433   78.181546    0.000137
   434   75.502458    0.000162
   435   72.876366    0.000192
   436   70.304729    0.000229
   437   67.788786    0.000275
   438   65.329571    0.000330
   439   62.927922    0.000398
   440   60.584499    0.000480
   441   58.299786    0.000579
   442   56.074111    0.000698
   443   53.907650    0.000841
   444   51.800441    0.001013
   445   49.752391    0.001218
   446   47.763290    0.001462
   447   45.832813    0.001753
   448   43.960534    0.002098
   449   42.145933    0.002504
   450   40.388402    0.002983
   451   38.687256    0.003545
   452   37.041738    0.004204
   453   35.451025    0.004975
   454   33.914237    0.005872
   455   32.430442    0.006914
   456   30.998661    0.008121
   457   29.617876    0.009515
   458   28.287034    0.011121
   459   27.005049    0.012942
   460   25.770815    0.015059
   461   24.583200    0.017484
   462   23.441057    0.020261
   463   22.343229    0.023435
   464   21.288545    0.027053
   465   20.275833    0.031175
   466   19.303916    0.035865
   467   18.371616    0.041193
   468   17.477763    0.047237
   469   16.621188    0.054081
   470   15.800732    0.061835
   471   15.015246    0.070586
   472   14.263593    0.080471
   473   13.544651    0.091602
   474   12.857312    0.104133
   475   12.200485    0.118228
   476   11.573097    0.134052
   477   10.974095    0.151814
   478   10.402447    0.171712
   479    9.857141    0.193987
   480    9.337186    0.218897
   481    8.841615    0.246716
   482    8.369485    0.277756
   483    7.919874    0.312358
   484    7.491886    0.350889
   485    7.084647    0.393782
   486    6.697310    0.441499
   487    6.329050    0.494471
   488    5.979067    0.553252
   489    5.646586    0.618367
   490    5.330855    0.690407
   491    5.031146    0.770049
   492    4.746758    0.857978
   493    4.477009    0.954998
   494    4.221244    1.061939
   495    3.978828    1.179644
   496    3.749150    1.309072
   497    3.531623    1.451181
   498    3.325678    1.606999
   499    3.130770    1.777551
   500    2.946375    1.963925
   501    2.771989    2.167227
   502    2.607126    2.388699
   503    2.451323    2.629610
   504    2.304132    2.891432
   505    2.165127    3.175784
   506    2.033898    3.484427
   507    1.910053    3.819140
   508    1.793216    4.181451
   509    1.683028    4.572978
   510    1.579146    4.995053
   511    1.481242    5.448985
   512    1.389003    5.936091
   513    1.302130    6.457527
   514    1.220337    7.014648
   515    1.143353    7.608604
   516    1.070919    8.240620
   517    1.002788    8.911424
   518    0.938724    9.622187
   519    0.878505   10.373520
   520    0.821918   11.166493
   521    0.768760   12.001666
   522    0.718839   12.879548
   523    0.671973   13.800356
   524    0.627989   14.763610
   525    0.586722   15.768797
   526    0.548016   16.814659
   527    0.511724   17.899252
   528    0.477704   19.020163
   529    0.445826   20.174206
   530    0.415962   21.358060
   531    0.387995   22.568013
   532    0.361810   23.799826
   533    0.337303   25.048308
   534    0.314372   26.308336
   535    0.292922   27.574040
   536    0.272864   28.839123
   537    0.254112   30.097674
   538    0.236587   31.343847
   539    0.220213   32.570804
   540    0.204919   33.773083
   541    0.190637   34.945157
   542    0.177305   36.079064
   543    0.164863   37.168099
   544    0.153255   38.205383
   545    0.142428   39.182600
   546    0.132331   40.093944
   547    0.122920   40.934154
   548    0.114149   41.697753
   549    0.105977   42.378576
   550    0.098365   42.971598
   551    0.091277   43.470742
   552    0.084679   43.869067
   553    0.078538   44.163009
   554    0.072824   44.347101
   555    0.067510   44.418280
   556    0.062567   44.377979
   557    0.057973   44.224335
   558    0.053702   43.958665
   559    0.049734   43.585937
   560    0.046048   43.109829
   561    0.042625   42.527398
   562    0.039447   41.850807
   563    0.036497   41.081534
   564    0.033759   40.224632
   565    0.031220   39.292434
   566    0.028864   38.287218
   567    0.026680   37.220238
   568    0.024655   36.096364
   569    0.022779   34.930470
   570    0.021040   33.729239
   571    0.019430   32.501512
   572    0.017938   31.257520
   573    0.016558   30.006601
   574    0.015280   28.761170
   575    0.014097   27.524583
   576    0.013003   26.309019
   577    0.011991   25.123331
   578    0.011055   23.974035
   579    0.010190   22.872006
   580    0.009390   21.822937
   581    0.008651   20.834965
   582    0.007969   19.913288
   583    0.007339   19.067477
   584    0.006757   18.300190
   585    0.006219   17.620425
   586    0.005724   17.031692
   587    0.005266   16.537812
   588    0.004844   16.142031
   589    0.004455   15.846612
   590    0.004096   15.654700
   591    0.003765   15.571205
   592    0.003460   15.598572
   593    0.003180   15.740677
   594    0.002921   16.001860
   595    0.002683   16.384254
   596    0.002463   16.890868
   597    0.002261   17.524154
   598    0.002076   18.286539
   599    0.001905   19.180435
   600    0.001747   20.209361
   601    0.001603   21.378751
   602    0.001470   22.692908
   603    0.001348   24.156392
   604    0.001235   25.777286
   605    0.001132   27.563360
   606    0.001037   29.524265
   607    0.000950   31.674394
   608    0.000870   34.029642
   609    0.000797   36.606325
   610    0.000729   39.423000
   611    0.000668   42.493861
   612    0.000611   45.831197
   613    0.000559   49.449152
   614    0.000511   53.365831
   615    0.000468   57.593933
   616    0.000428   62.151294
   617    0.000391   67.061593
   618    0.000357   72.344805
   619    0.000326   78.026366
   620    0.000298   84.138580
   621    0.000272   90.720953
   622    0.000249   97.811675
   623    0.000227  105.465826
   624    0.000207  113.725333
   625    0.000189  122.654830
   626    0.000173  132.306736
   627    0.000157  142.745618
   628    0.000144  154.030883
   629    0.000131  166.238439
   630    0.000119  179.428600
   631    0.000109  193.658931
   632    0.000099  208.986620
   633    0.000090  225.467353
   634    0.000082  243.195641
   635    0.000075  262.234198
   636    0.000068  282.663714
   637    0.000062  304.573476
   638    0.000057  328.060985
   639    0.000051  353.233917
   640    0.000047  380.208623
   641    0.000043  409.111639
   642    0.000039  440.083203
   643    0.000035  473.270270
   644    0.000032  508.824307
   645    0.000029  546.950107
   646    0.000026  587.853762
   647    0.000024  631.801023
   648    0.000022  679.046979
   649    0.000020  729.923273
#CDM-nucleon cross sections[pb]:
   201 7.316674E-10 #proton SI
   202 1.322854E-03 #proton SD
   203 5.767664E-10 #neutron SI
   204 1.011445E-03 #neutron SD
