BLOCK DarkMatter
   1   4.789246E-02   #dark matter relick densisty
   2   4.001041E-01   #ratio omega_N/omega_0
   100 0.703332 # ~nI1 ~nI1 -> Wm Wp
   101 0.292886 # ~nI1 ~nI1 -> Z Z
   301  1.136675E+02  #Dark Matter Mass (GeV)
   302  5.441470E-26  #SigmaV=[cm^3/s]
   401  113.667461    0.000122
   402  113.204915    0.000000
   403  112.364046    0.000000
   404  111.284434    0.000000
   405  110.019370    0.000000
   406  108.601836    0.000000
   407  107.055679    0.000000
   408  105.399630    0.000000
   409  103.649168    0.000000
   410  101.817522    0.000000
   411   99.916258    0.000001
   412   97.955660    0.000001
   413   95.944978    0.000002
   414   93.892605    0.000003
   415   91.806204    0.000005
   416   89.692802    0.000007
   417   87.558866    0.000010
   418   85.410359    0.000014
   419   83.252784    0.000018
   420   81.091229    0.000023
   421   78.930388    0.000029
   422   76.774601    0.000035
   423   74.627867    0.000042
   424   72.493871    0.000050
   425   70.375999    0.000060
   426   68.277360    0.000073
   427   66.200796    0.000090
   428   64.148899    0.000110
   429   62.124023    0.000133
   430   60.128300    0.000160
   431   58.163646    0.000193
   432   56.231778    0.000231
   433   54.334222    0.000287
   434   52.472323    0.000345
   435   50.647254    0.000414
   436   48.860031    0.000498
   437   47.111513    0.000601
   438   45.402420    0.000723
   439   43.733335    0.000865
   440   42.104714    0.001031
   441   40.516895    0.001223
   442   38.970107    0.001448
   443   37.464470    0.001713
   444   36.000012    0.002026
   445   34.576670    0.002395
   446   33.194294    0.002830
   447   31.852660    0.003341
   448   30.551473    0.003940
   449   29.290371    0.004641
   450   28.068931    0.005458
   451   26.886677    0.006406
   452   25.743083    0.007502
   453   24.637577    0.008770
   454   23.569548    0.010234
   455   22.538347    0.011917
   456   21.543295    0.013853
   457   20.583684    0.016086
   458   19.658782    0.018661
   459   18.767835    0.021626
   460   17.910073    0.025025
   461   17.084710    0.028914
   462   16.290949    0.033355
   463   15.527986    0.038415
   464   14.795007    0.044166
   465   14.091198    0.050703
   466   13.415739    0.058138
   467   12.767815    0.066608
   468   12.146609    0.076206
   469   11.551310    0.087034
   470   10.981114    0.099184
   471   10.435221    0.112869
   472    9.912841    0.128421
   473    9.413194    0.145978
   474    8.935511    0.165759
   475    8.479032    0.188048
   476    8.043013    0.212929
   477    7.626722    0.240745
   478    7.229441    0.271881
   479    6.850467    0.306633
   480    6.489111    0.345379
   481    6.144702    0.388615
   482    5.816583    0.436713
   483    5.504115    0.490198
   484    5.206674    0.549598
   485    4.923653    0.615401
   486    4.654463    0.688238
   487    4.398532    0.768839
   488    4.155302    0.857715
   489    3.924236    0.955881
   490    3.704811    1.063847
   491    3.496521    1.182672
   492    3.298878    1.313115
   493    3.111410    1.456173
   494    2.933659    1.612944
   495    2.765186    1.784629
   496    2.605566    1.972132
   497    2.454389    2.176639
   498    2.311263    2.399614
   499    2.175807    2.641987
   500    2.047657    2.905534
   501    1.926463    3.190978
   502    1.811888    3.500434
   503    1.703608    3.835224
   504    1.601314    4.196941
   505    1.504709    4.586846
   506    1.413508    5.007262
   507    1.327439    5.459097
   508    1.246240    5.944690
   509    1.169662    6.465083
   510    1.097467    7.021628
   511    1.029426    7.615859
   512    0.965322    8.248516
   513    0.904948    8.920584
   514    0.848104    9.633013
   515    0.794602   10.386588
   516    0.744262   11.181179
   517    0.696913   12.017163
   518    0.652390   12.894724
   519    0.610539   13.813389
   520    0.571212   14.771785
   521    0.534269   15.770792
   522    0.499575   16.806509
   523    0.467005   17.879500
   524    0.436437   18.984886
   525    0.407757   20.121564
   526    0.380857   21.285855
   527    0.355635   22.473722
   528    0.331993   23.681892
   529    0.309838   24.903927
   530    0.289083   26.135265
   531    0.269647   27.370294
   532    0.251449   28.604974
   533    0.234417   29.832774
   534    0.218481   31.045954
   535    0.203573   32.236665
   536    0.189633   33.402016
   537    0.176601   34.531187
   538    0.164422   35.620080
   539    0.153042   36.656279
   540    0.142413   37.635897
   541    0.132488   38.550285
   542    0.123223   39.397080
   543    0.114576   40.155837
   544    0.106508   40.838257
   545    0.098984   41.427437
   546    0.091967   41.918715
   547    0.085426   42.316172
   548    0.079330   42.600714
   549    0.073651   42.787671
   550    0.068361   42.863648
   551    0.063435   42.825362
   552    0.058850   42.688261
   553    0.054582   42.424662
   554    0.050611   42.059739
   555    0.046917   41.587365
   556    0.043483   41.016235
   557    0.040290   40.333337
   558    0.037322   39.568274
   559    0.034564   38.713209
   560    0.032002   37.769394
   561    0.029623   36.753461
   562    0.027415   35.670634
   563    0.025365   34.520489
   564    0.023462   33.320003
   565    0.021697   32.078729
   566    0.020060   30.801054
   567    0.018542   29.504310
   568    0.017135   28.196096
   569    0.015831   26.885428
   570    0.014623   25.589432
   571    0.013503   24.313772
   572    0.012467   23.068264
   573    0.011507   21.861983
   574    0.010619   20.700416
   575    0.009797   19.589838
   576    0.009037   18.534641
   577    0.008333   17.540774
   578    0.007683   16.616038
   579    0.007082   15.752076
   580    0.006526   14.965045
   581    0.006012   14.254027
   582    0.005538   13.622079
   583    0.005100   13.073173
   584    0.004696   12.607561
   585    0.004322   12.229084
   586    0.003978   11.938417
   587    0.003660   11.735933
   588    0.003366   11.622824
   589    0.003096   11.600189
   590    0.002847   11.670770
   591    0.002617   11.834462
   592    0.002405   12.096596
   593    0.002210   12.455771
   594    0.002030   12.921824
   595    0.001864   13.487928
   596    0.001712   14.165424
   597    0.001572   14.946661
   598    0.001443   15.843408
   599    0.001324   16.846785
   600    0.001214   17.970658
   601    0.001114   19.217769
   602    0.001021   20.597704
   603    0.000937   22.125317
   604    0.000858   23.810964
   605    0.000787   25.679968
   606    0.000721   27.729376
   607    0.000660   29.997687
   608    0.000605   32.479324
   609    0.000554   35.177427
   610    0.000507   38.112696
   611    0.000464   41.282019
   612    0.000425   44.713235
   613    0.000388   48.408845
   614    0.000355   52.408809
   615    0.000325   56.747150
   616    0.000297   61.485570
   617    0.000272   66.664737
   618    0.000248   72.334253
   619    0.000227   78.536329
   620    0.000207   85.358970
   621    0.000189   92.772066
   622    0.000173  100.841858
   623    0.000158  109.606253
   624    0.000144  119.106099
   625    0.000131  129.390219
   626    0.000120  140.521003
   627    0.000109  152.579628
   628    0.000100  165.587747
   629    0.000091  179.767317
   630    0.000083  195.128595
   631    0.000076  211.803421
   632    0.000069  229.848621
   633    0.000063  249.535148
   634    0.000057  270.825798
   635    0.000052  293.942604
   636    0.000047  319.289372
   637    0.000043  346.782637
   638    0.000039  376.897944
   639    0.000036  409.852138
   640    0.000033  445.984889
   641    0.000030  485.608324
   642    0.000027  529.111695
   643    0.000024  576.901182
   644    0.000022  629.363138
   645    0.000020  686.922150
   646    0.000018  750.022431
   647    0.000017  819.130521
   648    0.000015  894.791466
   649    0.000014  977.538785
#CDM-nucleon cross sections[pb]:
   201 6.433188E-09 #proton SI
   202 0.000000E+00 #proton SD
   203 6.781543E-09 #neutron SI
   204 0.000000E+00 #neutron SD
