BLOCK DarkMatter
   1   5.299322E-02   #dark matter relick densisty
   2   4.427169E-01   #ratio omega_N/omega_0
   100 0.576688 # ~nR1 ~nR1 -> Wm Wp
   101 0.245868 # ~nR1 ~nR1 -> Z Z
   102 0.097660 # ~nR1 ~nR1 -> h1 h1
   103 0.031955 # ~nR1 ~nR1 -> nu4 nu4
   104 0.022603 # ~nR1 ~nR1 -> h1 h2
   105 0.020932 # ~nR1 ~nR1 -> h2 h2
   301  1.211988E+02  #Dark Matter Mass (GeV)
   302  4.668790E-26  #SigmaV=[cm^3/s]
   401  121.198764    0.000288
   402  120.705571    0.000000
   403  119.808988    0.000000
   404  118.657844    0.000000
   405  117.308961    0.000000
   406  115.797505    0.000000
   407  114.148903    0.000000
   408  112.383129    0.000000
   409  110.516686    0.000000
   410  108.563679    0.000000
   411  106.536443    0.000001
   412  104.445941    0.000002
   413  102.302036    0.000003
   414  100.113679    0.000004
   415   97.889038    0.000006
   416   95.635608    0.000009
   417   93.360283    0.000012
   418   91.069421    0.000016
   419   88.768892    0.000019
   420   86.464117    0.000024
   421   84.160106    0.000029
   422   81.861482    0.000034
   423   79.572510    0.000050
   424   77.297121    0.000069
   425   75.038925    0.000078
   426   72.801236    0.000090
   427   70.587085    0.000105
   428   68.399234    0.000122
   429   66.240196    0.000148
   430   64.112241    0.000177
   431   62.017414    0.000211
   432   59.957546    0.000251
   433   57.934263    0.000296
   434   55.948999    0.000348
   435   54.003006    0.000409
   436   52.097366    0.000485
   437   50.232996    0.000577
   438   48.410663    0.000688
   439   46.630989    0.000818
   440   44.894460    0.000971
   441   43.201437    0.001153
   442   41.552162    0.001367
   443   39.946766    0.001597
   444   38.385277    0.001885
   445   36.867627    0.002218
   446   35.393659    0.002611
   447   33.963133    0.003079
   448   32.575732    0.003630
   449   31.231072    0.004271
   450   29.928703    0.005009
   451   28.668116    0.005865
   452   27.448751    0.006858
   453   26.269997    0.008014
   454   25.131203    0.009345
   455   24.031678    0.010872
   456   22.970697    0.012632
   457   21.947504    0.014676
   458   20.961320    0.017050
   459   20.011342    0.019788
   460   19.096746    0.022912
   461   18.216697    0.026456
   462   17.370344    0.030483
   463   16.556829    0.035085
   464   15.775285    0.040354
   465   15.024843    0.046379
   466   14.304630    0.053262
   467   13.613776    0.061118
   468   12.951411    0.070031
   469   12.316669    0.080086
   470   11.708693    0.091376
   471   11.126631    0.104106
   472   10.569640    0.118538
   473   10.036888    0.134900
   474    9.527554    0.153544
   475    9.040830    0.174508
   476    8.575922    0.198115
   477    8.132049    0.224567
   478    7.708445    0.254235
   479    7.304360    0.287455
   480    6.919062    0.324683
   481    6.551833    0.366387
   482    6.201974    0.412906
   483    5.868803    0.464693
   484    5.551654    0.522447
   485    5.249881    0.586498
   486    4.962856    0.657669
   487    4.689967    0.736552
   488    4.430621    0.823886
   489    4.184245    0.920529
   490    3.950282    1.027191
   491    3.728191    1.144956
   492    3.517453    1.274733
   493    3.317563    1.417583
   494    3.128035    1.574434
   495    2.948400    1.746623
   496    2.778204    1.934960
   497    2.617011    2.140933
   498    2.464401    2.365726
   499    2.319970    2.610634
   500    2.183330    2.876829
   501    2.054105    3.165890
   502    1.931938    3.479135
   503    1.816484    3.818367
   504    1.707413    4.185327
   505    1.604407    4.581215
   506    1.507164    5.008209
   507    1.415392    5.467553
   508    1.328813    5.961750
   509    1.247161    6.492877
   510    1.170182    7.062936
   511    1.097633    7.673586
   512    1.029282    8.327195
   513    0.964907    9.024704
   514    0.904297    9.767291
   515    0.847250   10.554689
   516    0.793575   11.386946
   517    0.743088   12.263879
   518    0.695616   13.184145
   519    0.650992   14.147604
   520    0.609059   15.150253
   521    0.569668   16.192326
   522    0.532676   17.271118
   523    0.497947   18.385335
   524    0.465354   19.531492
   525    0.434774   20.708062
   526    0.406092   21.913695
   527    0.379199   23.145275
   528    0.353990   24.398776
   529    0.330367   25.669689
   530    0.308237   26.953272
   531    0.287513   28.244652
   532    0.268109   29.538518
   533    0.249949   30.826829
   534    0.232956   32.105843
   535    0.217062   33.364241
   536    0.202198   34.599919
   537    0.188303   35.800497
   538    0.175316   36.962004
   539    0.163183   38.077680
   540    0.151849   39.138395
   541    0.141266   40.137492
   542    0.131387   41.069992
   543    0.122167   41.922758
   544    0.113565   42.699412
   545    0.105542   43.389266
   546    0.098061   43.985549
   547    0.091086   44.490913
   548    0.084587   44.885540
   549    0.078531   45.178525
   550    0.072891   45.365863
   551    0.067638   45.433588
   552    0.062749   45.391259
   553    0.058198   45.226913
   554    0.053964   44.953177
   555    0.050026   44.555392
   556    0.046364   44.062122
   557    0.042959   43.455392
   558    0.039795   42.739719
   559    0.036854   41.934562
   560    0.034123   41.035679
   561    0.031586   40.044212
   562    0.029231   38.976579
   563    0.027045   37.839942
   564    0.025017   36.643249
   565    0.023135   35.391247
   566    0.021389   34.094217
   567    0.019771   32.761468
   568    0.018270   31.405444
   569    0.016880   30.037043
   570    0.015591   28.663692
   571    0.014398   27.296548
   572    0.013293   25.946023
   573    0.012270   24.621502
   574    0.011322   23.333998
   575    0.010446   22.090853
   576    0.009635   20.905737
   577    0.008885   19.776276
   578    0.008192   18.709722
   579    0.007551   17.713622
   580    0.006958   16.793242
   581    0.006411   15.947247
   582    0.005905   15.176175
   583    0.005438   14.481241
   584    0.005007   13.865162
   585    0.004609   13.327922
   586    0.004241   12.875404
   587    0.003902   12.509246
   588    0.003590   12.235749
   589    0.003301   12.057675
   590    0.003035   11.980765
   591    0.002790   12.003720
   592    0.002564   12.132103
   593    0.002356   12.364170
   594    0.002164   12.704000
   595    0.001988   13.145520
   596    0.001825   13.691455
   597    0.001676   14.340746
   598    0.001538   15.093411
   599    0.001411   15.950143
   600    0.001295   16.920541
   601    0.001188   18.007676
   602    0.001089   19.215124
   603    0.000999   20.552541
   604    0.000915   22.041395
   605    0.000839   23.686183
   606    0.000769   25.497784
   607    0.000704   27.505788
   608    0.000645   29.713798
   609    0.000590   32.131086
   610    0.000541   34.775324
   611    0.000495   37.665413
   612    0.000453   40.799422
   613    0.000414   44.203094
   614    0.000379   47.900216
   615    0.000346   51.917104
   616    0.000317   56.312305
   617    0.000290   61.093084
   618    0.000265   66.329453
   619    0.000242   72.049213
   620    0.000221   78.308015
   621    0.000202   85.128418
   622    0.000184   92.585532
   623    0.000168  100.655622
   624    0.000154  109.441831
   625    0.000140  118.928915
   626    0.000128  129.187084
   627    0.000117  140.294099
   628    0.000106  152.243525
   629    0.000097  165.162680
   630    0.000088  179.125944
   631    0.000081  194.231964
   632    0.000073  210.455770
   633    0.000067  228.139274
   634    0.000061  247.231110
   635    0.000056  267.998114
   636    0.000051  290.737142
   637    0.000046  315.473441
   638    0.000042  342.551115
   639    0.000038  372.283021
   640    0.000035  404.924178
   641    0.000032  440.751460
   642    0.000029  480.009644
   643    0.000026  522.888839
   644    0.000024  569.424546
   645    0.000022  619.565997
   646    0.000020  673.142225
   647    0.000018  729.934469
   648    0.000016  789.813110
   649    0.000015  852.765870
#CDM-nucleon cross sections[pb]:
   201 3.889960E-12 #proton SI
   202 0.000000E+00 #proton SD
   203 1.409261E-11 #neutron SI
   204 0.000000E+00 #neutron SD
