BLOCK DarkMatter
   1   3.005331E-02   #dark matter relick densisty
   2   2.510719E-01   #ratio omega_N/omega_0
   100 0.497357 # ~N1 ~N1 -> nu4 nu4
   101 0.135492 # ~N1 ~N1 -> h2 Z
   102 0.112959 # ~N1 ~N1 -> h2 h2
   103 0.103776 # ~N1 ~N1 -> Wm Wp
   104 0.056060 # ~N1 ~N1 -> Z Z
   105 0.040141 # ~N1 ~N1 -> h1 Z
   106 0.021569 # ~N1 ~N1 -> u3 U3
   107 0.016092 # ~N1 ~N1 -> h1 h2
   301  1.635831E+02  #Dark Matter Mass (GeV)
   302  7.846256E-26  #SigmaV=[cm^3/s]
   401  163.583073    0.000082
   402  162.917406    0.000000
   403  161.707279    0.000000
   404  160.153570    0.000000
   405  158.332970    0.000000
   406  156.292944    0.000000
   407  154.067812    0.000000
   408  151.684530    0.000000
   409  149.165375    0.000000
   410  146.529384    0.000019
   411  143.793205    0.000019
   412  140.971635    0.000019
   413  138.077988    0.000019
   414  135.124342    0.000020
   415  132.121724    0.000020
   416  129.080249    0.000021
   417  126.009222    0.000022
   418  122.917225    0.000023
   419  119.812180    0.000025
   420  116.701405    0.000026
   421  113.591659    0.000029
   422  110.489185    0.000031
   423  107.399740    0.000034
   424  104.328627    0.000038
   425  101.280719    0.000043
   426   98.260490    0.000048
   427   95.272030    0.000054
   428   92.319068    0.000061
   429   89.404994    0.000070
   430   86.532874    0.000080
   431   83.705468    0.000091
   432   80.925245    0.000105
   433   78.194401    0.000123
   434   75.514872    0.000146
   435   72.888348    0.000174
   436   70.316288    0.000209
   437   67.799932    0.000251
   438   65.340312    0.000304
   439   62.938269    0.000369
   440   60.594460    0.000448
   441   58.309372    0.000545
   442   56.083330    0.000662
   443   53.916513    0.000804
   444   51.808958    0.000974
   445   49.760572    0.001178
   446   47.771143    0.001421
   447   45.840349    0.001711
   448   43.967762    0.002055
   449   42.152862    0.002459
   450   40.395043    0.002936
   451   38.693617    0.003496
   452   37.047828    0.004152
   453   35.456854    0.004919
   454   33.919813    0.005813
   455   32.435774    0.006835
   456   31.003758    0.008055
   457   29.622746    0.009444
   458   28.291685    0.011026
   459   27.009490    0.012862
   460   25.775052    0.014967
   461   24.587242    0.017378
   462   23.444912    0.020135
   463   22.346903    0.023288
   464   21.292046    0.026881
   465   20.279167    0.030973
   466   19.307090    0.035623
   467   18.374637    0.040898
   468   17.480637    0.046881
   469   16.623920    0.053654
   470   15.803330    0.061323
   471   15.017715    0.069976
   472   14.265939    0.079746
   473   13.546878    0.090747
   474   12.859426    0.103128
   475   12.202491    0.117050
   476   11.575000    0.132672
   477   10.975900    0.150189
   478   10.404158    0.169794
   479    9.858761    0.191719
   480    9.338721    0.216207
   481    8.843069    0.243516
   482    8.370861    0.273944
   483    7.921176    0.307811
   484    7.493118    0.345479
   485    7.085812    0.387364
   486    6.698411    0.433901
   487    6.330091    0.485528
   488    5.980050    0.542773
   489    5.647514    0.606155
   490    5.331731    0.676263
   491    5.031974    0.753757
   492    4.747538    0.839327
   493    4.477745    0.933742
   494    4.221938    1.037808
   495    3.979482    1.152348
   496    3.749767    1.278288
   497    3.532203    1.416556
   498    3.326225    1.568132
   499    3.131285    1.734015
   500    2.946860    1.915264
   501    2.772445    2.112998
   502    2.607555    2.328487
   503    2.451726    2.563060
   504    2.304511    2.818106
   505    2.165483    3.095263
   506    2.034233    3.396232
   507    1.910367    3.722714
   508    1.793511    4.076166
   509    1.683305    4.458129
   510    1.579406    4.869806
   511    1.481486    5.312455
   512    1.389231    5.787297
   513    1.302344    6.295511
   514    1.220538    6.838390
   515    1.143541    7.417226
   516    1.071095    8.033346
   517    1.002953    8.687797
   518    0.938879    9.381898
   519    0.878650   10.116594
   520    0.822053   10.893076
   521    0.768886   11.712040
   522    0.718957   12.573934
   523    0.672084   13.479004
   524    0.628092   14.426756
   525    0.586818   15.416390
   526    0.548106   16.446535
   527    0.511808   17.515297
   528    0.477783   18.620372
   529    0.445899   19.758976
   530    0.416031   20.928110
   531    0.388058   22.124274
   532    0.361870   23.343875
   533    0.337358   24.582203
   534    0.314423   25.834505
   535    0.292970   27.094741
   536    0.272908   28.356657
   537    0.254154   29.613811
   538    0.236626   30.859844
   539    0.220249   32.088562
   540    0.204952   33.293988
   541    0.190669   34.470908
   542    0.177334   35.612405
   543    0.164890   36.712958
   544    0.153280   37.767328
   545    0.142451   38.768341
   546    0.132353   39.710858
   547    0.122940   40.588209
   548    0.114167   41.393940
   549    0.105994   42.120595
   550    0.098381   42.761206
   551    0.091292   43.306479
   552    0.084693   43.748757
   553    0.078551   44.082246
   554    0.072836   44.307915
   555    0.067521   44.407314
   556    0.062578   44.398406
   557    0.057982   44.277353
   558    0.053711   44.047083
   559    0.049743   43.714330
   560    0.046056   43.278470
   561    0.042632   42.742308
   562    0.039454   42.113495
   563    0.036503   41.390553
   564    0.033765   40.577369
   565    0.031225   39.680532
   566    0.028869   38.709820
   567    0.026685   37.671485
   568    0.024660   36.573775
   569    0.022783   35.432172
   570    0.021044   34.255239
   571    0.019433   33.054177
   572    0.017941   31.840498
   573    0.016560   30.624017
   574    0.015282   29.413965
   575    0.014099   28.217574
   576    0.013005   27.040747
   577    0.011993   25.894845
   578    0.011057   24.784599
   579    0.010191   23.717229
   580    0.009392   22.700499
   581    0.008653   21.741429
   582    0.007970   20.845879
   583    0.007340   20.023413
   584    0.006758   19.276862
   585    0.006220   18.614869
   586    0.005724   18.040177
   587    0.005267   17.560118
   588    0.004845   17.177968
   589    0.004456   16.897458
   590    0.004097   16.723598
   591    0.003766   16.659964
   592    0.003461   16.710180
   593    0.003180   16.876920
   594    0.002921   17.162101
   595    0.002683   17.566143
   596    0.002464   18.090336
   597    0.002262   18.736025
   598    0.002076   19.506124
   599    0.001905   20.404143
   600    0.001748   21.436376
   601    0.001603   22.611407
   602    0.001470   23.937924
   603    0.001348   25.424801
   604    0.001235   27.082788
   605    0.001132   28.921374
   606    0.001037   30.950354
   607    0.000950   33.182001
   608    0.000870   35.629756
   609    0.000797   38.307354
   610    0.000730   41.231902
   611    0.000668   44.419245
   612    0.000611   47.886383
   613    0.000559   51.654895
   614    0.000511   55.751715
   615    0.000468   60.201658
   616    0.000428   65.034966
   617    0.000391   70.284609
   618    0.000357   75.977567
   619    0.000326   82.141631
   620    0.000298   88.804260
   621    0.000272   95.996315
   622    0.000249  103.742612
   623    0.000227  112.078284
   624    0.000207  121.026222
   625    0.000189  130.628562
   626    0.000173  140.917048
   627    0.000157  151.937028
   628    0.000144  163.729944
   629    0.000131  176.354668
   630    0.000119  189.866710
   631    0.000109  204.324663
   632    0.000099  219.796555
   633    0.000090  236.360570
   634    0.000082  254.136699
   635    0.000075  273.227232
   636    0.000068  293.739320
   637    0.000062  315.774514
   638    0.000057  339.418954
   639    0.000051  364.744882
   640    0.000047  391.811235
   641    0.000043  420.674077
   642    0.000039  451.413863
   643    0.000035  484.152006
   644    0.000032  519.066624
   645    0.000029  556.443030
   646    0.000026  596.639210
   647    0.000024  640.129449
   648    0.000022  687.345541
   649    0.000020  738.447540
#CDM-nucleon cross sections[pb]:
   201 7.347698E-10 #proton SI
   202 1.323205E-03 #proton SD
   203 5.794389E-10 #neutron SI
   204 1.011714E-03 #neutron SD
