BLOCK DarkMatter
   1   2.844404E-02   #dark matter relick densisty
   2   2.376277E-01   #ratio omega_N/omega_0
   100 0.444814 # ~nR1 ~nR1 -> h2 h2
   101 0.233657 # ~nR1 ~nR1 -> Wm Wp
   102 0.114374 # ~nR1 ~nR1 -> nu4 nu4
   103 0.104621 # ~nR1 ~nR1 -> Z Z
   104 0.035644 # ~nR1 ~N1 -> h2 nu4
   105 0.029468 # ~nR1 ~nR1 -> h1 h1
   106 0.021591 # ~nR1 ~N1 -> h1 nu4
   107 0.010667 # ~nR1 ~N1 -> Z nu4
   301  1.485248E+02  #Dark Matter Mass (GeV)
   302  9.665673E-26  #SigmaV=[cm^3/s]
   401  148.524775    0.000084
   402  147.920385    0.000000
   403  146.821654    0.000000
   404  145.410968    0.000000
   405  143.757959    0.000000
   406  141.905724    0.000000
   407  139.885421    0.000000
   408  137.721527    0.000000
   409  135.434268    0.000000
   410  133.040928    0.000001
   411  130.556622    0.000001
   412  127.994786    0.000001
   413  125.367507    0.000002
   414  122.685753    0.000002
   415  119.959535    0.000006
   416  117.198036    0.000007
   417  114.409707    0.000008
   418  111.602337    0.000271
   419  108.783120    0.000280
   420  105.958701    0.000282
   421  103.135216    0.000286
   422  100.318334    0.000290
   423   97.513282    0.000295
   424   94.724873    0.000300
   425   91.957534    0.000307
   426   89.215326    0.000315
   427   86.501962    0.000325
   428   83.820829    0.000336
   429   81.175004    0.000349
   430   78.567271    0.000365
   431   76.000136    0.000384
   432   73.475840    0.000406
   433   70.996379    0.000433
   434   68.563508    0.000465
   435   66.178764    0.000503
   436   63.843469    0.000548
   437   61.558751    0.000602
   438   59.325546    0.000667
   439   57.144618    0.000744
   440   55.016564    0.000835
   441   52.941824    0.000944
   442   50.920697    0.001073
   443   48.953341    0.001226
   444   47.039792    0.001406
   445   45.179966    0.001619
   446   43.373671    0.001869
   447   41.620611    0.002166
   448   39.920401    0.002514
   449   38.272569    0.002924
   450   36.676561    0.003403
   451   35.131757    0.003698
   452   33.637468    0.004354
   453   32.192947    0.005118
   454   30.797396    0.006014
   455   29.449966    0.007059
   456   28.149772    0.008274
   457   26.895886    0.009681
   458   25.687353    0.011314
   459   24.523188    0.013204
   460   23.402383    0.015394
   461   22.323914    0.017931
   462   21.286739    0.020864
   463   20.289805    0.024253
   464   19.332051    0.028160
   465   18.412411    0.032662
   466   17.529816    0.037848
   467   16.683198    0.043817
   468   15.871493    0.050676
   469   15.093640    0.058546
   470   14.348587    0.067587
   471   13.635290    0.077942
   472   12.952717    0.089799
   473   12.299849    0.103339
   474   11.675678    0.118812
   475   11.079216    0.136470
   476   10.509487    0.156559
   477    9.965536    0.179437
   478    9.446425    0.205424
   479    8.951234    0.234924
   480    8.479064    0.268309
   481    8.029039    0.306059
   482    7.600299    0.348642
   483    7.192009    0.396618
   484    6.803354    0.450584
   485    6.433543    0.511223
   486    6.081803    0.579250
   487    5.747387    0.655437
   488    5.429569    0.740693
   489    5.127644    0.835883
   490    4.840930    0.942019
   491    4.568766    1.060186
   492    4.310514    1.191446
   493    4.065556    1.337136
   494    3.833296    1.498409
   495    3.613159    1.676685
   496    3.404590    1.873339
   497    3.207054    2.089810
   498    3.020036    2.327769
   499    2.843041    2.588600
   500    2.675593    2.874116
   501    2.517233    3.185967
   502    2.367522    3.525990
   503    2.226037    3.895912
   504    2.092374    4.297795
   505    1.966144    4.733776
   506    1.846976    5.206657
   507    1.734512    5.719516
   508    1.628413    6.275616
   509    1.528352    6.878369
   510    1.434017    7.530905
   511    1.345111    8.235458
   512    1.261349    8.993845
   513    1.182459    9.807025
   514    1.108184   10.675606
   515    1.038275   11.600106
   516    0.972498   12.581393
   517    0.910628   13.619599
   518    0.852452   14.715405
   519    0.797768   15.869288
   520    0.746381   17.081769
   521    0.698108   18.352920
   522    0.652775   19.682407
   523    0.610216   21.069641
   524    0.570274   22.510496
   525    0.532800   24.002160
   526    0.497651   25.540313
   527    0.464694   27.119991
   528    0.433802   28.736868
   529    0.404853   30.386193
   530    0.377734   32.063350
   531    0.352336   33.763403
   532    0.328559   35.480497
   533    0.306303   37.209161
   534    0.285480   38.941258
   535    0.266001   40.670181
   536    0.247786   42.389693
   537    0.230758   44.089747
   538    0.214844   45.762438
   539    0.199974   47.398926
   540    0.186086   48.989554
   541    0.173117   50.525110
   542    0.161010   51.996032
   543    0.149712   53.392031
   544    0.139170   54.706954
   545    0.129338   55.927413
   546    0.120170   57.049431
   547    0.111623   58.064366
   548    0.103658   58.965226
   549    0.096237   59.744681
   550    0.089325   60.397759
   551    0.082888   60.914348
   552    0.076896   61.292561
   553    0.071320   61.523531
   554    0.066131   61.599571
   555    0.061305   61.517215
   556    0.056817   61.277614
   557    0.052645   60.872952
   558    0.048767   60.302963
   559    0.045164   59.578535
   560    0.041816   58.701894
   561    0.038708   57.673099
   562    0.035822   56.516960
   563    0.033143   55.224547
   564    0.030657   53.815520
   565    0.028351   52.311294
   566    0.026212   50.707673
   567    0.024228   49.029339
   568    0.022390   47.281068
   569    0.020686   45.480622
   570    0.019107   43.641450
   571    0.017644   41.769702
   572    0.016290   39.883442
   573    0.015036   37.991132
   574    0.013875   36.104602
   575    0.012801   34.238934
   576    0.011808   32.403144
   577    0.010889   30.610723
   578    0.010039   28.870838
   579    0.009253   27.187855
   580    0.008527   25.567714
   581    0.007856   24.018563
   582    0.007237   22.543411
   583    0.006664   21.154201
   584    0.006136   19.849911
   585    0.005648   18.637571
   586    0.005197   17.521336
   587    0.004782   16.506542
   588    0.004399   15.593446
   589    0.004045   14.782431
   590    0.003720   14.075160
   591    0.003419   13.471037
   592    0.003142   12.972907
   593    0.002887   12.578403
   594    0.002652   12.288512
   595    0.002436   12.104933
   596    0.002237   12.028944
   597    0.002054   12.063537
   598    0.001885   12.207339
   599    0.001730   12.459556
   600    0.001587   12.819143
   601    0.001455   13.285036
   602    0.001335   13.857609
   603    0.001224   14.537448
   604    0.001122   15.330977
   605    0.001028   16.240785
   606    0.000942   17.272881
   607    0.000863   18.432917
   608    0.000790   19.730748
   609    0.000724   21.168157
   610    0.000662   22.759302
   611    0.000606   24.510698
   612    0.000555   26.430439
   613    0.000508   28.526579
   614    0.000464   30.821584
   615    0.000425   33.321182
   616    0.000388   36.041118
   617    0.000355   38.996603
   618    0.000324   42.203791
   619    0.000296   45.672780
   620    0.000271   49.433134
   621    0.000247   53.510418
   622    0.000226   57.909309
   623    0.000206   62.675715
   624    0.000188   67.826204
   625    0.000172   73.411347
   626    0.000157   79.466670
   627    0.000143   86.018446
   628    0.000130   93.100112
   629    0.000119  100.779687
   630    0.000108  109.086779
   631    0.000099  118.091809
   632    0.000090  127.815340
   633    0.000082  138.313775
   634    0.000075  149.710450
   635    0.000068  162.023147
   636    0.000062  175.390238
   637    0.000056  189.845918
   638    0.000051  205.545555
   639    0.000047  222.566390
   640    0.000043  241.022037
   641    0.000039  260.997504
   642    0.000035  282.595473
   643    0.000032  305.898634
   644    0.000029  330.998954
   645    0.000026  358.041442
   646    0.000024  387.130164
   647    0.000022  418.496596
   648    0.000020  452.363908
   649    0.000018  489.014308
#CDM-nucleon cross sections[pb]:
   201 3.289263E-11 #proton SI
   202 0.000000E+00 #proton SD
   203 5.900957E-11 #neutron SI
   204 0.000000E+00 #neutron SD
