BLOCK DarkMatter
   1   4.999591E-02   #dark matter relick densisty
   2   4.176767E-01   #ratio omega_N/omega_0
   100 0.715574 # ~nI1 ~nI1 -> Wm Wp
   101 0.282610 # ~nI1 ~nI1 -> Z Z
   301  1.047320E+02  #Dark Matter Mass (GeV)
   302  5.243310E-26  #SigmaV=[cm^3/s]
   401  104.732001    0.000258
   402  104.305816    0.000000
   403  103.531048    0.000000
   404  102.536305    0.000000
   405  101.370689    0.000000
   406  100.064588    0.000000
   407   98.639975    0.000000
   408   97.114109    0.000000
   409   95.501252    0.000000
   410   93.813592    0.000000
   411   92.061787    0.000000
   412   90.255313    0.000000
   413   88.402692    0.000001
   414   86.511657    0.000001
   415   84.589269    0.000002
   416   82.642002    0.000004
   417   80.675817    0.000006
   418   78.696205    0.000009
   419   76.708239    0.000012
   420   74.716604    0.000017
   421   72.725628    0.000022
   422   70.739309    0.000028
   423   68.761330    0.000035
   424   66.795089    0.000044
   425   64.843704    0.000055
   426   62.910041    0.000068
   427   60.996716    0.000084
   428   59.106120    0.000102
   429   57.240421    0.000123
   430   55.401582    0.000150
   431   53.591371    0.000181
   432   51.811368    0.000219
   433   50.062980    0.000264
   434   48.347445    0.000317
   435   46.665847    0.000380
   436   45.019117    0.000455
   437   43.408052    0.000547
   438   41.833311    0.000666
   439   40.295434    0.000811
   440   38.794840    0.000979
   441   37.331840    0.001174
   442   35.906646    0.001404
   443   34.519368    0.001677
   444   33.170032    0.002005
   445   31.858579    0.002392
   446   30.584873    0.002845
   447   29.348706    0.003375
   448   28.149805    0.003997
   449   26.987839    0.004727
   450   25.862417    0.005585
   451   24.773101    0.006581
   452   23.719405    0.007736
   453   22.700804    0.009071
   454   21.716733    0.010620
   455   20.766595    0.012416
   456   19.849765    0.014496
   457   18.965590    0.016892
   458   18.113395    0.019652
   459   17.292485    0.022830
   460   16.502152    0.026491
   461   15.741672    0.030695
   462   15.010309    0.035498
   463   14.307323    0.040957
   464   13.631964    0.047155
   465   12.983481    0.054209
   466   12.361121    0.062249
   467   11.764130    0.071412
   468   11.191757    0.081809
   469   10.643256    0.093594
   470   10.117883    0.106858
   471    9.614903    0.121897
   472    9.133587    0.138939
   473    8.673218    0.158148
   474    8.233085    0.179704
   475    7.812491    0.203976
   476    7.410748    0.231147
   477    7.027182    0.261569
   478    6.661131    0.295612
   479    6.311948    0.333640
   480    5.978998    0.376058
   481    5.661663    0.423328
   482    5.359338    0.475984
   483    5.071433    0.534606
   484    4.797374    0.599685
   485    4.536602    0.671904
   486    4.288573    0.751969
   487    4.052761    0.840606
   488    3.828652    0.938525
   489    3.615750    1.046794
   490    3.413574    1.165966
   491    3.221658    1.297113
   492    3.039552    1.441229
   493    2.866820    1.599247
   494    2.703042    1.772339
   495    2.547813    1.961615
   496    2.400741    2.168537
   497    2.261449    2.393995
   498    2.129573    2.639518
   499    2.004766    2.906506
   500    1.886690    3.196532
   501    1.775023    3.510466
   502    1.669454    3.850822
   503    1.569686    4.218766
   504    1.475434    4.616292
   505    1.386423    5.044399
   506    1.302392    5.505746
   507    1.223088    6.001574
   508    1.148273    6.533920
   509    1.077715    7.104170
   510    1.011195    7.713958
   511    0.948503    8.365198
   512    0.889438    9.057979
   513    0.833809    9.794447
   514    0.781434   10.574238
   515    0.732138   11.399313
   516    0.685755   12.269212
   517    0.642128   13.183092
   518    0.601105   14.142655
   519    0.562544   15.145193
   520    0.526309   16.191296
   521    0.492270   17.279475
   522    0.460303   18.406740
   523    0.430293   19.572359
   524    0.402128   20.770981
   525    0.375703   22.001358
   526    0.350918   23.257348
   527    0.327678   24.535004
   528    0.305895   25.830124
   529    0.285481   27.136195
   530    0.266358   28.446895
   531    0.248449   29.755576
   532    0.231683   31.057902
   533    0.215989   32.347132
   534    0.201306   33.613843
   535    0.187570   34.851531
   536    0.174726   36.055713
   537    0.162719   37.213699
   538    0.151497   38.320405
   539    0.141012   39.366446
   540    0.131218   40.343825
   541    0.122073   41.244250
   542    0.113536   42.061589
   543    0.105569   42.783292
   544    0.098136   43.409291
   545    0.091202   43.931068
   546    0.084737   44.343805
   547    0.078711   44.642090
   548    0.073094   44.824557
   549    0.067861   44.891809
   550    0.062987   44.835073
   551    0.058449   44.662786
   552    0.054223   44.380752
   553    0.050291   43.968875
   554    0.046632   43.441378
   555    0.043229   42.811117
   556    0.040065   42.071065
   557    0.037122   41.211205
   558    0.034388   40.272125
   559    0.031847   39.245082
   560    0.029487   38.127013
   561    0.027295   36.948560
   562    0.025260   35.705854
   563    0.023371   34.408678
   564    0.021618   33.071164
   565    0.019991   31.704909
   566    0.018483   30.318787
   567    0.017084   28.927738
   568    0.015788   27.535608
   569    0.014586   26.156704
   570    0.013473   24.803201
   571    0.012442   23.480483
   572    0.011487   22.201076
   573    0.010603   20.971059
   574    0.009784   19.797417
   575    0.009027   18.688939
   576    0.008326   17.645047
   577    0.007678   16.671939
   578    0.007079   15.778336
   579    0.006525   14.952072
   580    0.006013   14.203791
   581    0.005540   13.534910
   582    0.005103   12.946589
   583    0.004699   12.442269
   584    0.004327   12.021634
   585    0.003983   11.689847
   586    0.003665   11.446629
   587    0.003372   11.295384
   588    0.003102   11.236069
   589    0.002853   11.271833
   590    0.002623   11.405234
   591    0.002411   11.635899
   592    0.002216   11.968826
   593    0.002036   12.404755
   594    0.001870   12.949341
   595    0.001718   13.601210
   596    0.001577   14.367652
   597    0.001448   15.238009
   598    0.001329   16.226915
   599    0.001220   17.319105
   600    0.001119   18.529007
   601    0.001026   19.852898
   602    0.000941   21.303151
   603    0.000863   22.891756
   604    0.000791   24.634887
   605    0.000725   26.554553
   606    0.000664   28.659630
   607    0.000608   30.987457
   608    0.000557   33.547586
   609    0.000510   36.351559
   610    0.000467   39.414069
   611    0.000428   42.738844
   612    0.000391   46.353192
   613    0.000358   50.251556
   614    0.000327   54.478252
   615    0.000299   59.075104
   616    0.000274   64.071399
   617    0.000250   69.530280
   618    0.000229   75.518123
   619    0.000209   82.073491
   620    0.000191   89.307605
   621    0.000174   97.195964
   622    0.000159  105.769218
   623    0.000145  115.099135
   624    0.000133  125.160562
   625    0.000121  135.984506
   626    0.000111  147.578821
   627    0.000101  159.935477
   628    0.000092  173.161719
   629    0.000084  187.386086
   630    0.000076  202.707325
   631    0.000070  219.334417
   632    0.000063  237.533876
   633    0.000058  257.567712
   634    0.000053  279.612060
   635    0.000048  303.903650
   636    0.000044  330.688736
   637    0.000040  360.065852
   638    0.000036  392.138909
   639    0.000033  426.956455
   640    0.000030  464.752443
   641    0.000027  505.616981
   642    0.000025  549.893990
   643    0.000023  597.962715
   644    0.000021  650.398898
   645    0.000019  707.889549
   646    0.000017  771.193802
   647    0.000015  841.161916
   648    0.000014  918.633035
   649    0.000013 1004.371392
#CDM-nucleon cross sections[pb]:
   201 2.175107E-09 #proton SI
   202 0.000000E+00 #proton SD
   203 2.222842E-09 #neutron SI
   204 0.000000E+00 #neutron SD
