BLOCK DarkMatter
   1   3.171605E-02   #dark matter relick densisty
   2   2.649628E-01   #ratio omega_N/omega_0
   100 0.428679 # ~N1 ~N1 -> nu4 nu4
   101 0.155043 # ~N1 ~N1 -> h2 Z
   102 0.131620 # ~N1 ~N1 -> h2 h2
   103 0.117996 # ~N1 ~N1 -> Wm Wp
   104 0.063629 # ~N1 ~N1 -> Z Z
   105 0.045121 # ~N1 ~N1 -> h1 Z
   106 0.026075 # ~N1 ~N1 -> u3 U3
   107 0.018614 # ~N1 ~N1 -> h1 h2
   301  1.635524E+02  #Dark Matter Mass (GeV)
   302  6.444918E-26  #SigmaV=[cm^3/s]
   401  163.552434    0.000099
   402  162.886892    0.000000
   403  161.676992    0.000000
   404  160.123573    0.000000
   405  158.303314    0.000000
   406  156.263671    0.000000
   407  154.038955    0.000000
   408  151.656119    0.000000
   409  149.137436    0.000000
   410  146.501939    0.000023
   411  143.766272    0.000023
   412  140.945231    0.000023
   413  138.052126    0.000024
   414  135.099033    0.000024
   415  132.096978    0.000025
   416  129.056072    0.000025
   417  125.985621    0.000026
   418  122.894203    0.000027
   419  119.789739    0.000029
   420  116.679547    0.000030
   421  113.570384    0.000032
   422  110.468491    0.000036
   423  107.379625    0.000040
   424  104.309086    0.000045
   425  101.261750    0.000050
   426   98.242086    0.000056
   427   95.254185    0.000063
   428   92.301776    0.000071
   429   89.388248    0.000081
   430   86.516666    0.000092
   431   83.689790    0.000105
   432   80.910088    0.000120
   433   78.179755    0.000138
   434   75.500728    0.000161
   435   72.874696    0.000189
   436   70.303118    0.000223
   437   67.787233    0.000264
   438   65.328074    0.000315
   439   62.926481    0.000377
   440   60.583111    0.000453
   441   58.298450    0.000546
   442   56.072826    0.000660
   443   53.906415    0.000798
   444   51.799254    0.000964
   445   49.751252    0.001165
   446   47.762196    0.001404
   447   45.831763    0.001689
   448   43.959527    0.002027
   449   42.144967    0.002429
   450   40.387477    0.002904
   451   38.686370    0.003462
   452   37.040889    0.004115
   453   35.450213    0.004878
   454   33.913460    0.005766
   455   32.429699    0.006795
   456   30.997951    0.007987
   457   29.617198    0.009362
   458   28.286386    0.010947
   459   27.004431    0.012745
   460   25.770224    0.014829
   461   24.582636    0.017213
   462   23.440520    0.019934
   463   22.342717    0.023036
   464   21.288058    0.026561
   465   20.275369    0.030565
   466   19.303473    0.035107
   467   18.371196    0.040249
   468   17.477362    0.046070
   469   16.620807    0.052650
   470   15.800370    0.060091
   471   15.014902    0.068478
   472   14.263267    0.077945
   473   13.544341    0.088609
   474   12.857017    0.100625
   475   12.200205    0.114155
   476   11.572832    0.129361
   477   10.973844    0.146452
   478   10.402209    0.165618
   479    9.856915    0.187104
   480    9.336972    0.211167
   481    8.841413    0.238077
   482    8.369293    0.268146
   483    7.919693    0.301705
   484    7.491714    0.339115
   485    7.084485    0.380806
   486    6.697157    0.427232
   487    6.328905    0.478849
   488    5.978930    0.536221
   489    5.646456    0.599873
   490    5.330732    0.670413
   491    5.031031    0.748531
   492    4.746649    0.834955
   493    4.476907    0.930521
   494    4.221147    1.036094
   495    3.978736    1.152573
   496    3.749064    1.280948
   497    3.531542    1.422228
   498    3.325602    1.577485
   499    3.130699    1.747792
   500    2.946308    1.934280
   501    2.771925    2.138072
   502    2.607066    2.360451
   503    2.451266    2.602695
   504    2.304079    2.866330
   505    2.165077    3.153019
   506    2.033852    3.464584
   507    1.910009    3.802876
   508    1.793175    4.169501
   509    1.682989    4.566211
   510    1.579110    4.994431
   511    1.481208    5.455652
   512    1.388971    5.951272
   513    1.302100    6.482630
   514    1.220309    7.051084
   515    1.143327    7.657901
   516    1.070895    8.304371
   517    1.002765    8.991343
   518    0.938703    9.720057
   519    0.878485   10.491370
   520    0.821899   11.306519
   521    0.768742   12.166230
   522    0.718823   13.071168
   523    0.671958   14.021697
   524    0.627975   15.017591
   525    0.586708   16.058247
   526    0.548003   17.142497
   527    0.511712   18.268294
   528    0.477694   19.433198
   529    0.445816   20.633926
   530    0.415953   21.866757
   531    0.387986   23.127747
   532    0.361802   24.412207
   533    0.337295   25.714637
   534    0.314365   27.029436
   535    0.292915   28.350295
   536    0.272857   29.670717
   537    0.254106   30.984592
   538    0.236581   32.285357
   539    0.220208   33.566684
   540    0.204914   34.822312
   541    0.190633   36.046767
   542    0.177301   37.232969
   543    0.164859   38.372211
   544    0.153251   39.458812
   545    0.142424   40.484563
   546    0.132328   41.444263
   547    0.122917   42.332179
   548    0.114146   43.143754
   549    0.105974   43.872571
   550    0.098363   44.513037
   551    0.091275   45.057539
   552    0.084677   45.499035
   553    0.078536   45.830151
   554    0.072822   46.045161
   555    0.067508   46.138509
   556    0.062566   46.108539
   557    0.057971   45.954220
   558    0.053701   45.673349
   559    0.049733   45.272092
   560    0.046047   44.750921
   561    0.042624   44.115705
   562    0.039446   43.379887
   563    0.036496   42.545660
   564    0.033759   41.625182
   565    0.031219   40.629879
   566    0.028864   39.565482
   567    0.026680   38.444219
   568    0.024655   37.271234
   569    0.022778   36.057914
   570    0.021040   34.809458
   571    0.019429   33.533597
   572    0.017938   32.238177
   573    0.016557   30.932740
   574    0.015279   29.626814
   575    0.014097   28.329171
   576    0.013002   27.053209
   577    0.011990   25.809950
   578    0.011055   24.608554
   579    0.010190   23.462523
   580    0.009390   22.378755
   581    0.008651   21.364917
   582    0.007969   20.426538
   583    0.007338   19.572856
   584    0.006756   18.803074
   585    0.006219   18.123709
   586    0.005723   17.534251
   587    0.005266   17.037573
   588    0.004844   16.635143
   589    0.004455   16.329001
   590    0.004096   16.121960
   591    0.003765   16.019768
   592    0.003460   16.025858
   593    0.003180   16.146624
   594    0.002921   16.387826
   595    0.002683   16.754210
   596    0.002463   17.250361
   597    0.002261   17.879832
   598    0.002076   18.644449
   599    0.001905   19.546624
   600    0.001747   20.587404
   601    0.001603   21.769587
   602    0.001470   23.094963
   603    0.001348   24.565821
   604    0.001235   26.188810
   605    0.001132   27.971255
   606    0.001037   29.923344
   607    0.000950   32.062363
   608    0.000870   34.407140
   609    0.000797   36.978285
   610    0.000729   39.799576
   611    0.000668   42.889880
   612    0.000611   46.267240
   613    0.000559   49.949995
   614    0.000511   53.959759
   615    0.000468   58.314022
   616    0.000428   63.033931
   617    0.000391   68.148426
   618    0.000357   73.682508
   619    0.000326   79.667526
   620    0.000298   86.139401
   621    0.000272   93.141516
   622    0.000249  100.711771
   623    0.000227  108.900288
   624    0.000207  117.739132
   625    0.000189  127.278576
   626    0.000173  137.549408
   627    0.000157  148.592293
   628    0.000144  160.440323
   629    0.000131  173.141732
   630    0.000119  186.736312
   631    0.000109  201.262896
   632    0.000099  216.781027
   633    0.000090  233.367891
   634    0.000082  251.156572
   635    0.000075  270.277703
   636    0.000068  290.888259
   637    0.000062  313.162989
   638    0.000057  337.277688
   639    0.000051  363.393991
   640    0.000047  391.652908
   641    0.000043  422.156111
   642    0.000039  454.974058
   643    0.000035  490.152228
   644    0.000032  527.720540
   645    0.000029  567.782295
   646    0.000026  610.504948
   647    0.000024  656.192290
   648    0.000022  705.252900
   649    0.000020  758.241621
#CDM-nucleon cross sections[pb]:
   201 7.335584E-10 #proton SI
   202 1.322569E-03 #proton SD
   203 5.784168E-10 #neutron SI
   204 1.011228E-03 #neutron SD
