BLOCK DarkMatter
   1   3.437851E-02   #dark matter relick densisty
   2   2.872056E-01   #ratio omega_N/omega_0
   100 0.713217 # ~nI1 ~nI1 -> Wm Wp
   101 0.283995 # ~nI1 ~nI1 -> Z Z
   301  1.056798E+02  #Dark Matter Mass (GeV)
   302  7.711189E-26  #SigmaV=[cm^3/s]
   401  105.679778    0.000193
   402  105.249736    0.000000
   403  104.467957    0.000000
   404  103.464212    0.000000
   405  102.288047    0.000000
   406  100.970127    0.000000
   407   99.532622    0.000000
   408   97.992947    0.000000
   409   96.365494    0.000000
   410   94.662562    0.000000
   411   92.894904    0.000000
   412   91.072082    0.000000
   413   89.202696    0.000001
   414   87.294548    0.000002
   415   85.354763    0.000003
   416   83.389875    0.000004
   417   81.405896    0.000006
   418   79.408369    0.000009
   419   77.402413    0.000013
   420   75.392755    0.000018
   421   73.383762    0.000023
   422   71.379467    0.000029
   423   69.383589    0.000036
   424   67.399554    0.000045
   425   65.430510    0.000055
   426   63.479348    0.000069
   427   61.548709    0.000085
   428   59.641003    0.000103
   429   57.758420    0.000125
   430   55.902941    0.000152
   431   54.076348    0.000183
   432   52.280237    0.000221
   433   50.516027    0.000266
   434   48.784968    0.000319
   435   47.088151    0.000383
   436   45.426520    0.000459
   437   43.800875    0.000552
   438   42.211884    0.000679
   439   40.660089    0.000823
   440   39.145915    0.000990
   441   37.669677    0.001184
   442   36.231584    0.001412
   443   34.831753    0.001685
   444   33.470206    0.002011
   445   32.146885    0.002397
   446   30.861652    0.002849
   447   29.614298    0.003377
   448   28.404548    0.003996
   449   27.232066    0.004723
   450   26.096460    0.005577
   451   24.997286    0.006570
   452   23.934055    0.007721
   453   22.906236    0.009049
   454   21.913259    0.010589
   455   20.954524    0.012373
   456   20.029397    0.014436
   457   19.137220    0.016813
   458   18.277313    0.019550
   459   17.448975    0.022700
   460   16.651489    0.026326
   461   15.884127    0.030494
   462   15.146146    0.035258
   463   14.436797    0.040675
   464   13.755327    0.046824
   465   13.100976    0.053818
   466   12.472983    0.061786
   467   11.870590    0.070866
   468   11.293038    0.081169
   469   10.739572    0.092843
   470   10.209445    0.105982
   471    9.701913    0.120869
   472    9.216242    0.137754
   473    8.751707    0.156784
   474    8.307591    0.178133
   475    7.883190    0.202184
   476    7.477812    0.229081
   477    7.090774    0.259195
   478    6.721411    0.292903
   479    6.369068    0.330553
   480    6.033106    0.372543
   481    5.712899    0.419346
   482    5.407838    0.471480
   483    5.117327    0.529530
   484    4.840788    0.593969
   485    4.577656    0.665478
   486    4.327383    0.744731
   487    4.089436    0.832473
   488    3.863299    0.929369
   489    3.648471    1.036498
   490    3.444465    1.154396
   491    3.250812    1.284123
   492    3.067058    1.426648
   493    2.892763    1.582895
   494    2.727504    1.754066
   495    2.570870    1.941265
   496    2.422466    2.145898
   497    2.281914    2.368877
   498    2.148845    2.611769
   499    2.022908    2.875857
   500    1.903764    3.162856
   501    1.791086    3.473522
   502    1.684562    3.810417
   503    1.583891    4.174696
   504    1.488786    4.568251
   505    1.398970    4.992156
   506    1.314178    5.449026
   507    1.234157    5.940013
   508    1.158664    6.467223
   509    1.087467    7.031909
   510    1.020346    7.635683
   511    0.957086    8.280486
   512    0.897487    8.966409
   513    0.841355    9.695478
   514    0.788506   10.467538
   515    0.738763   11.284415
   516    0.691961   12.145689
   517    0.647939   13.050670
   518    0.606545   14.000925
   519    0.567635   14.993908
   520    0.531072   16.030084
   521    0.496725   17.108247
   522    0.464469   18.225026
   523    0.434187   19.379984
   524    0.405767   20.567824
   525    0.379103   21.787379
   526    0.354094   23.032691
   527    0.330644   24.299717
   528    0.308663   25.584677
   529    0.288065   26.880773
   530    0.268769   28.182134
   531    0.250698   29.482171
   532    0.233779   30.776642
   533    0.217944   32.059251
   534    0.203127   33.320093
   535    0.189268   34.552996
   536    0.176307   35.753435
   537    0.164191   36.909095
   538    0.152868   38.015202
   539    0.142288   39.060904
   540    0.132406   40.039729
   541    0.123178   40.942803
   542    0.114564   41.764837
   543    0.106524   42.491291
   544    0.099024   43.124851
   545    0.092028   43.654857
   546    0.085504   44.076606
   547    0.079423   44.386601
   548    0.073756   44.580308
   549    0.068475   44.661834
   550    0.063557   44.619764
   551    0.058977   44.462783
   552    0.054714   44.198136
   553    0.050746   43.802830
   554    0.047054   43.294585
   555    0.043620   42.683352
   556    0.040427   41.962323
   557    0.037458   41.122320
   558    0.034699   40.203429
   559    0.032135   39.195439
   560    0.029754   38.096187
   561    0.027542   36.935746
   562    0.025488   35.710833
   563    0.023582   34.429213
   564    0.021813   33.105719
   565    0.020172   31.752462
   566    0.018650   30.377166
   567    0.017239   28.995906
   568    0.015931   27.612606
   569    0.014718   26.240391
   570    0.013595   24.893448
   571    0.012554   23.576343
   572    0.011591   22.301457
   573    0.010699   21.075290
   574    0.009873   19.903901
   575    0.009109   18.796152
   576    0.008402   17.750769
   577    0.007748   16.775552
   578    0.007143   15.878542
   579    0.006584   15.046762
   580    0.006067   14.292366
   581    0.005590   13.617236
   582    0.005149   13.022594
   583    0.004742   12.512248
   584    0.004366   12.085613
   585    0.004019   11.748044
   586    0.003698   11.498894
   587    0.003403   11.341187
   588    0.003130   11.274656
   589    0.002878   11.302255
   590    0.002647   11.426270
   591    0.002433   11.646927
   592    0.002236   11.969180
   593    0.002054   12.393630
   594    0.001887   12.927247
   595    0.001733   13.567518
   596    0.001592   14.323131
   597    0.001461   15.183036
   598    0.001341   16.162182
   599    0.001231   17.245632
   600    0.001129   18.447379
   601    0.001036   19.764884
   602    0.000950   21.210851
   603    0.000871   22.797936
   604    0.000798   24.539348
   605    0.000731   26.460488
   606    0.000670   28.566346
   607    0.000614   30.894669
   608    0.000562   33.451161
   609    0.000515   36.246097
   610    0.000471   39.294812
   611    0.000431   42.597613
   612    0.000395   46.185952
   613    0.000361   50.053154
   614    0.000330   54.244790
   615    0.000302   58.801876
   616    0.000276   63.757588
   617    0.000253   69.175538
   618    0.000231   75.114333
   619    0.000211   81.615031
   620    0.000193   88.784710
   621    0.000176   96.594641
   622    0.000161  105.078040
   623    0.000147  114.309633
   624    0.000134  124.269114
   625    0.000122  134.999065
   626    0.000112  146.517333
   627    0.000102  158.827941
   628    0.000093  172.030884
   629    0.000085  186.276379
   630    0.000077  201.638205
   631    0.000070  218.308655
   632    0.000064  236.531348
   633    0.000058  256.548645
   634    0.000053  278.513451
   635    0.000048  302.646308
   636    0.000044  329.234720
   637    0.000040  358.340553
   638    0.000037  390.144670
   639    0.000033  424.721535
   640    0.000030  462.324241
   641    0.000028  503.078846
   642    0.000025  547.338910
   643    0.000023  595.493567
   644    0.000021  648.098489
   645    0.000019  705.821923
   646    0.000017  769.410147
   647    0.000016  839.696785
   648    0.000014  917.523667
   649    0.000013 1003.658084
#CDM-nucleon cross sections[pb]:
   201 6.103580E-09 #proton SI
   202 0.000000E+00 #proton SD
   203 6.367964E-09 #neutron SI
   204 0.000000E+00 #neutron SD
