BLOCK DarkMatter
   1   9.098363E-03   #dark matter relick densisty
   2   7.600972E-02   #ratio omega_N/omega_0
   100 0.683369 # ~nR1 ~nR1 -> h2 h2
   101 0.139466 # ~nR1 ~nR1 -> Wm Wp
   102 0.062787 # ~nR1 ~nR1 -> Z Z
   103 0.047344 # ~nR1 ~nR1 -> h1 h1
   104 0.047220 # ~nR1 ~nR1 -> h1 h2
   105 0.012196 # ~nR1 ~N1 -> Z nu4
   301  1.529172E+02  #Dark Matter Mass (GeV)
   302  3.989227E-25  #SigmaV=[cm^3/s]
   401  152.917195    0.000451
   402  152.294931    0.000000
   403  151.163706    0.000000
   404  149.711301    0.000000
   405  148.009407    0.000000
   406  146.102394    0.000000
   407  144.022344    0.000000
   408  141.794456    0.000000
   409  139.439554    0.000000
   410  136.975434    0.000000
   411  134.417658    0.000001
   412  131.780059    0.000001
   413  129.075083    0.000001
   414  126.314019    0.000004
   415  123.507176    0.000018
   416  120.664010    0.000018
   417  117.793219    0.000315
   418  114.902826    0.000372
   419  112.000234    0.000374
   420  109.092286    0.000376
   421  106.185301    0.000379
   422  103.285114    0.000382
   423  100.397106    0.000386
   424   97.526233    0.000390
   425   94.677055    0.000395
   426   91.853749    0.000402
   427   89.060141    0.000409
   428   86.299717    0.000419
   429   83.575645    0.000430
   430   80.890792    0.000443
   431   78.247737    0.000459
   432   75.648789    0.000478
   433   73.096001    0.000501
   434   70.591182    0.000528
   435   68.135911    0.000561
   436   65.731554    0.000601
   437   63.379268    0.000648
   438   61.080019    0.000703
   439   58.834593    0.000770
   440   56.643604    0.000849
   441   54.507507    0.000942
   442   52.426608    0.001053
   443   50.401070    0.001184
   444   48.430931    0.001339
   445   46.516103    0.001522
   446   44.656388    0.001738
   447   42.851485    0.001992
   448   41.100994    0.002290
   449   39.404428    0.002641
   450   37.761221    0.003052
   451   36.170731    0.003537
   452   34.632251    0.003755
   453   33.145010    0.004421
   454   31.708187    0.005189
   455   30.320910    0.006102
   456   28.982263    0.007171
   457   27.691296    0.008418
   458   26.447021    0.009877
   459   25.248428    0.011577
   460   24.094477    0.013566
   461   22.984114    0.015887
   462   21.916266    0.018591
   463   20.889849    0.021738
   464   19.903770    0.025396
   465   18.956933    0.029646
   466   18.048236    0.034583
   467   17.176581    0.040312
   468   16.340871    0.046953
   469   15.540014    0.054638
   470   14.772927    0.063530
   471   14.038536    0.073787
   472   13.335777    0.085621
   473   12.663600    0.099227
   474   12.020971    0.114878
   475   11.406869    0.132852
   476   10.820291    0.153446
   477   10.260254    0.177029
   478    9.725790    0.203978
   479    9.215954    0.234735
   480    8.729821    0.269749
   481    8.266487    0.309548
   482    7.825067    0.354688
   483    7.404703    0.405796
   484    7.004554    0.463524
   485    6.623806    0.528696
   486    6.261664    0.602090
   487    5.917359    0.684607
   488    5.590141    0.777223
   489    5.279287    0.880930
   490    4.984094    0.996855
   491    4.703881    1.126210
   492    4.437991    1.270192
   493    4.185789    1.430226
   494    3.946661    1.607676
   495    3.720013    1.804108
   496    3.505276    2.021125
   497    3.301898    2.260423
   498    3.109349    2.523775
   499    2.927120    2.812881
   500    2.754720    3.129704
   501    2.591677    3.476133
   502    2.437538    3.854180
   503    2.291869    4.265915
   504    2.154253    4.713784
   505    2.024290    5.200514
   506    1.901597    5.729567
   507    1.785808    6.304864
   508    1.676571    6.930475
   509    1.573551    7.610344
   510    1.476426    8.347793
   511    1.384891    9.145323
   512    1.298651   10.004632
   513    1.217429   10.926714
   514    1.140957   11.912266
   515    1.068981   12.961778
   516    1.001258   14.076139
   517    0.937559   15.255553
   518    0.877662   16.500863
   519    0.821360   17.812470
   520    0.768454   19.190806
   521    0.718754   20.636245
   522    0.672080   22.148441
   523    0.628263   23.726490
   524    0.587140   25.367698
   525    0.548557   27.068613
   526    0.512369   28.824818
   527    0.478437   30.630314
   528    0.446631   32.479734
   529    0.416826   34.366963
   530    0.388905   36.286256
   531    0.362756   38.233435
   532    0.338275   40.200516
   533    0.315362   42.182628
   534    0.293923   44.171624
   535    0.273868   46.160347
   536    0.255114   48.141568
   537    0.237582   50.105417
   538    0.221197   52.042391
   539    0.205888   53.942341
   540    0.191589   55.795260
   541    0.178237   57.590602
   542    0.165772   59.317301
   543    0.154139   60.964050
   544    0.143286   62.521744
   545    0.133163   63.976686
   546    0.123724   65.321430
   547    0.114924   66.544733
   548    0.106723   67.637836
   549    0.099083   68.591115
   550    0.091966   69.397208
   551    0.085340   70.046523
   552    0.079170   70.534361
   553    0.073429   70.850178
   554    0.068087   70.985652
   555    0.063118   70.942803
   556    0.058497   70.717635
   557    0.054202   70.306015
   558    0.050209   69.707748
   559    0.046499   68.935851
   560    0.043053   67.985417
   561    0.039853   66.863980
   562    0.036881   65.585117
   563    0.034123   64.152634
   564    0.031564   62.576812
   565    0.029189   60.873907
   566    0.026987   59.051635
   567    0.024945   57.128792
   568    0.023052   55.119576
   569    0.021297   53.034953
   570    0.019672   50.895370
   571    0.018166   48.711979
   572    0.016772   46.498596
   573    0.015481   44.276599
   574    0.014286   42.053748
   575    0.013180   39.844843
   576    0.012157   37.651456
   577    0.011211   35.509132
   578    0.010336   33.413393
   579    0.009527   31.374685
   580    0.008779   29.398389
   581    0.008089   27.495662
   582    0.007451   25.667464
   583    0.006861   23.922192
   584    0.006317   22.268976
   585    0.005815   20.707190
   586    0.005351   19.246705
   587    0.004923   17.892839
   588    0.004529   16.645994
   589    0.004165   15.506197
   590    0.003830   14.471482
   591    0.003520   13.541134
   592    0.003235   12.712909
   593    0.002973   11.987271
   594    0.002731   11.362504
   595    0.002508   10.838730
   596    0.002303   10.415217
   597    0.002114   10.097533
   598    0.001941    9.883495
   599    0.001781    9.769519
   600    0.001634    9.754724
   601    0.001499    9.835258
   602    0.001374   10.008573
   603    0.001260   10.271657
   604    0.001155   10.626977
   605    0.001058   11.074371
   606    0.000970   11.615370
   607    0.000888   12.252220
   608    0.000814   12.988873
   609    0.000745   13.824955
   610    0.000682   14.766808
   611    0.000624   15.815413
   612    0.000571   16.973157
   613    0.000523   18.243150
   614    0.000478   19.638517
   615    0.000437   21.162783
   616    0.000400   22.824904
   617    0.000365   24.636196
   618    0.000334   26.603722
   619    0.000305   28.734007
   620    0.000279   31.041498
   621    0.000255   33.539735
   622    0.000232   36.232721
   623    0.000212   39.144792
   624    0.000194   42.285663
   625    0.000177   45.685499
   626    0.000161   49.365276
   627    0.000147   53.342516
   628    0.000134   57.641122
   629    0.000122   62.300144
   630    0.000112   67.338201
   631    0.000102   72.796379
   632    0.000093   78.685751
   633    0.000084   85.035229
   634    0.000077   91.913927
   635    0.000070   99.331868
   636    0.000064  107.362452
   637    0.000058  116.019753
   638    0.000053  125.389381
   639    0.000048  135.505710
   640    0.000044  146.445084
   641    0.000040  158.253996
   642    0.000036  170.997422
   643    0.000033  184.733907
   644    0.000030  199.516897
   645    0.000027  215.431973
   646    0.000025  232.530719
   647    0.000022  250.924731
   648    0.000020  270.689400
   649    0.000019  291.930341
#CDM-nucleon cross sections[pb]:
   201 6.360765E-11 #proton SI
   202 0.000000E+00 #proton SD
   203 1.175623E-10 #neutron SI
   204 0.000000E+00 #neutron SD
