BLOCK DarkMatter
   1   1.026011E-01   #dark matter relick densisty
   2   8.571518E-01   #ratio omega_N/omega_0
   100 0.510813 # ~nI1 ~nI1 -> Wm Wp
   101 0.221922 # ~nI1 ~nI1 -> Z Z
   102 0.113998 # ~nI1 ~nI1 -> h1 h1
   103 0.073863 # ~nI1 ~nI1 -> nu4 nu4
   104 0.064204 # ~nI1 ~nI1 -> h1 h2
   105 0.014200 # ~nI1 ~nI1 -> h2 h2
   301  1.295529E+02  #Dark Matter Mass (GeV)
   302  2.424048E-26  #SigmaV=[cm^3/s]
   401  129.552933    0.000097
   402  129.025745    0.000000
   403  128.067360    0.000000
   404  126.836868    0.000000
   405  125.395007    0.000000
   406  123.779368    0.000000
   407  122.017129    0.000000
   408  120.129640    0.000000
   409  118.134545    0.000000
   410  116.046918    0.000001
   411  113.879945    0.000001
   412  111.645346    0.000002
   413  109.353664    0.000002
   414  107.014464    0.000003
   415  104.636479    0.000005
   416  102.227721    0.000007
   417   99.795560    0.000009
   418   97.346790    0.000013
   419   94.887687    0.000016
   420   92.424045    0.000033
   421   89.961219    0.000063
   422   87.504152    0.000069
   423   85.057403    0.000075
   424   82.625172    0.000087
   425   80.211320    0.000097
   426   77.819388    0.000112
   427   75.452616    0.000129
   428   73.113958    0.000169
   429   70.806099    0.000191
   430   68.531465    0.000216
   431   66.292243    0.000246
   432   64.090389    0.000281
   433   61.927642    0.000322
   434   59.805535    0.000372
   435   57.725406    0.000434
   436   55.688411    0.000508
   437   53.695531    0.000572
   438   51.747586    0.000668
   439   49.845239    0.000777
   440   47.989012    0.000908
   441   46.179290    0.001068
   442   44.416331    0.001237
   443   42.700276    0.001470
   444   41.031155    0.001732
   445   39.408894    0.002065
   446   37.833326    0.002420
   447   36.304194    0.002862
   448   34.821161    0.003345
   449   33.383814    0.003919
   450   31.991673    0.004584
   451   30.644195    0.005357
   452   29.340779    0.006254
   453   28.080775    0.007299
   454   26.863484    0.008514
   455   25.688169    0.009916
   456   24.554055    0.011531
   457   23.460335    0.013393
   458   22.406174    0.015537
   459   21.390713    0.018007
   460   20.413075    0.020840
   461   19.472365    0.024075
   462   18.567673    0.027774
   463   17.698083    0.032015
   464   16.862668    0.036875
   465   16.060498    0.042439
   466   15.290641    0.048771
   467   14.552167    0.055959
   468   13.844145    0.064114
   469   13.165651    0.073390
   470   12.515767    0.083952
   471   11.893584    0.095987
   472   11.298200    0.109584
   473   10.728725    0.125007
   474   10.184283    0.142350
   475    9.664010    0.161905
   476    9.167056    0.183982
   477    8.692586    0.208813
   478    8.239784    0.236720
   479    7.807846    0.268085
   480    7.395989    0.303260
   481    7.003448    0.342744
   482    6.629473    0.386871
   483    6.273336    0.436095
   484    5.934326    0.491098
   485    5.611753    0.552356
   486    5.304943    0.620543
   487    5.013244    0.696272
   488    4.736022    0.780246
   489    4.472663    0.873412
   490    4.222573    0.976363
   491    3.985174    1.090130
   492    3.759909    1.215526
   493    3.546241    1.353705
   494    3.343649    1.505491
   495    3.151631    1.672058
   496    2.969704    1.854789
   497    2.797400    2.054583
   498    2.634271    2.273031
   499    2.479885    2.511209
   500    2.333825    2.770814
   501    2.195694    3.053184
   502    2.065106    3.359853
   503    1.941694    3.692367
   504    1.825104    4.052056
   505    1.714998    4.440908
   506    1.611052    4.860415
   507    1.512954    5.312792
   508    1.420407    5.799715
   509    1.333127    6.324128
   510    1.250842    6.887524
   511    1.173293    7.492440
   512    1.100230    8.140343
   513    1.031418    8.831965
   514    0.966630    9.568953
   515    0.905651   10.350266
   516    0.848276   11.177270
   517    0.794309   12.049091
   518    0.743564   12.965550
   519    0.695865   13.926096
   520    0.651042   14.930191
   521    0.608935   15.975475
   522    0.569393   17.060386
   523    0.532270   18.183414
   524    0.497430   19.341529
   525    0.464743   20.531340
   526    0.434084   21.750762
   527    0.405336   22.995574
   528    0.378390   24.262303
   529    0.353139   25.550108
   530    0.329484   26.852124
   531    0.307331   28.165715
   532    0.286590   29.485752
   533    0.267178   30.806810
   534    0.249014   32.122038
   535    0.232024   33.425498
   536    0.216135   34.709389
   537    0.201282   35.967507
   538    0.187400   37.191906
   539    0.174431   38.375397
   540    0.162316   39.510036
   541    0.151004   40.593569
   542    0.140444   41.613608
   543    0.130588   42.565459
   544    0.121393   43.442134
   545    0.112817   44.238142
   546    0.104820   44.940358
   547    0.097365   45.547680
   548    0.090417   46.058899
   549    0.083944   46.464824
   550    0.077915   46.754061
   551    0.072300   46.944205
   552    0.067074   47.010267
   553    0.062210   46.966577
   554    0.057684   46.809032
   555    0.053474   46.524663
   556    0.049560   46.133685
   557    0.045920   45.624169
   558    0.042538   45.000588
   559    0.039395   44.277453
   560    0.036475   43.447059
   561    0.033763   42.535106
   562    0.031246   41.512795
   563    0.028909   40.430473
   564    0.026741   39.270913
   565    0.024729   38.049923
   566    0.022863   36.779535
   567    0.021133   35.463447
   568    0.019530   34.115563
   569    0.018043   32.744549
   570    0.016666   31.358756
   571    0.015390   29.969172
   572    0.014209   28.584036
   573    0.013115   27.216875
   574    0.012103   25.871857
   575    0.011166   24.560331
   576    0.010299   23.289746
   577    0.009498   22.075841
   578    0.008757   20.912138
   579    0.008071   19.811191
   580    0.007438   18.771364
   581    0.006853   17.801911
   582    0.006312   16.900830
   583    0.005813   16.074014
   584    0.005352   15.322664
   585    0.004926   14.650685
   586    0.004534   14.061236
   587    0.004171   13.559210
   588    0.003837   13.150761
   589    0.003529   12.842684
   590    0.003244   12.635990
   591    0.002982   12.535348
   592    0.002741   12.541309
   593    0.002519   12.653109
   594    0.002314   12.871613
   595    0.002125   13.199060
   596    0.001951   13.633440
   597    0.001791   14.174454
   598    0.001644   14.827028
   599    0.001509   15.589043
   600    0.001384   16.468369
   601    0.001270   17.466996
   602    0.001164   18.594519
   603    0.001067   19.856155
   604    0.000978   21.253620
   605    0.000897   22.811374
   606    0.000822   24.522514
   607    0.000753   26.404010
   608    0.000689   28.478257
   609    0.000631   30.741467
   610    0.000578   33.229543
   611    0.000529   35.955116
   612    0.000484   38.927170
   613    0.000443   42.186764
   614    0.000405   45.744990
   615    0.000370   49.624326
   616    0.000339   53.838103
   617    0.000310   58.424507
   618    0.000283   63.395380
   619    0.000259   68.776673
   620    0.000236   74.590003
   621    0.000216   80.868406
   622    0.000197   87.687699
   623    0.000180   95.039333
   624    0.000164  103.023337
   625    0.000150  111.658412
   626    0.000137  121.069756
   627    0.000125  131.251272
   628    0.000114  142.398562
   629    0.000104  154.478568
   630    0.000095  167.619140
   631    0.000086  181.922123
   632    0.000079  197.448806
   633    0.000072  214.316144
   634    0.000065  232.587439
   635    0.000059  252.308654
   636    0.000054  273.765373
   637    0.000049  296.834733
   638    0.000045  321.912685
   639    0.000041  349.081060
   640    0.000037  378.426141
   641    0.000034  410.215015
   642    0.000031  444.644549
   643    0.000028  481.965381
   644    0.000025  522.434693
   645    0.000023  566.397551
   646    0.000021  614.163161
   647    0.000019  666.095962
   648    0.000017  722.554552
   649    0.000016  783.974227
#CDM-nucleon cross sections[pb]:
   201 1.114192E-09 #proton SI
   202 0.000000E+00 #proton SD
   203 1.153504E-09 #neutron SI
   204 0.000000E+00 #neutron SD
