BLOCK DarkMatter
   1   3.479243E-02   #dark matter relick densisty
   2   2.906636E-01   #ratio omega_N/omega_0
   100 0.565592 # ~nI1 ~nI1 -> d3 D3
   101 0.271535 # ~nI1 ~nI1 -> g g
   102 0.098324 # ~nI1 ~nI1 -> e3 E3
   103 0.054878 # ~nI1 ~nI1 -> u2 U2
   301  6.467801E+01  #Dark Matter Mass (GeV)
   302  2.024533E-25  #SigmaV=[cm^3/s]
   401   64.678015    0.140497
   402   64.414821    0.000005
   403   63.936357    0.000011
   404   63.322046    0.000016
   405   62.602212    0.000020
   406   61.795620    0.000023
   407   60.915839    0.000027
   408   59.973529    0.000031
   409   58.977498    0.000035
   410   57.935271    0.000039
   411   56.853431    0.000045
   412   55.737830    0.000051
   413   54.593730    0.000059
   414   53.425908    0.000068
   415   52.238723    0.000079
   416   51.036174    0.000091
   417   49.821942    0.000106
   418   48.599418    0.000123
   419   47.371735    0.000143
   420   46.141786    0.000166
   421   44.912245    0.000193
   422   43.685578    0.000223
   423   42.464063    0.000260
   424   41.249796    0.000302
   425   40.044705    0.000353
   426   38.850557    0.000412
   427   37.668969    0.000480
   428   36.501417    0.000558
   429   35.349241    0.000648
   430   34.213653    0.000752
   431   33.095744    0.000873
   432   31.996490    0.001013
   433   30.916760    0.001177
   434   29.857319    0.001367
   435   28.818835    0.001586
   436   27.801886    0.001840
   437   26.806961    0.002133
   438   25.834468    0.002473
   439   24.884740    0.002864
   440   23.958037    0.003314
   441   23.054552    0.003832
   442   22.174412    0.004431
   443   21.317689    0.005128
   444   20.484396    0.005941
   445   19.674499    0.006888
   446   18.887912    0.007989
   447   18.124508    0.009260
   448   17.384119    0.010730
   449   16.666538    0.012425
   450   15.971525    0.014383
   451   15.298810    0.016653
   452   14.648092    0.019287
   453   14.019048    0.022345
   454   13.411327    0.025886
   455   12.824563    0.029972
   456   12.258368    0.034674
   457   11.712339    0.040080
   458   11.186060    0.046298
   459   10.679101    0.053462
   460   10.191025    0.061708
   461    9.721385    0.071199
   462    9.269726    0.082099
   463    8.835592    0.094568
   464    8.418519    0.108792
   465    8.018044    0.124956
   466    7.633701    0.143378
   467    7.265025    0.164256
   468    6.911552    0.187975
   469    6.572820    0.214830
   470    6.248373    0.245338
   471    5.937754    0.279829
   472    5.640514    0.318703
   473    5.356209    0.362511
   474    5.084402    0.411658
   475    4.824661    0.466578
   476    4.576562    0.527923
   477    4.339687    0.596357
   478    4.113630    0.672320
   479    3.897990    0.756929
   480    3.692374    0.850737
   481    3.496402    0.954642
   482    3.309699    1.069530
   483    3.131901    1.196056
   484    2.962654    1.335279
   485    2.801612    1.487968
   486    2.648440    1.654851
   487    2.502812    1.837238
   488    2.364412    2.036067
   489    2.232933    2.252511
   490    2.108077    2.488274
   491    1.989558    2.744239
   492    1.877097    3.021764
   493    1.770426    3.322141
   494    1.669284    3.646420
   495    1.573421    3.995660
   496    1.482595    4.370998
   497    1.396574    4.772794
   498    1.315134    5.202915
   499    1.238058    5.663688
   500    1.165139    6.161321
   501    1.096178    6.702731
   502    1.030984    7.296909
   503    0.969371    7.949303
   504    0.911165    8.660742
   505    0.856196    9.426498
   506    0.804302   10.237742
   507    0.755327   11.085179
   508    0.709124   11.959152
   509    0.665551   12.857481
   510    0.624471   13.778032
   511    0.585755   14.724310
   512    0.549279   15.696694
   513    0.514925   16.695049
   514    0.482580   17.724735
   515    0.452137   18.782030
   516    0.423493   19.869473
   517    0.396551   20.984975
   518    0.371217   22.124439
   519    0.347403   23.283066
   520    0.325026   24.459285
   521    0.304005   25.646020
   522    0.284264   26.836300
   523    0.265731   28.030140
   524    0.248337   29.225988
   525    0.232018   30.415524
   526    0.216712   31.591678
   527    0.202360   32.751280
   528    0.188907   33.886983
   529    0.176301   34.986482
   530    0.164492   36.047509
   531    0.153432   37.067671
   532    0.143077   38.042872
   533    0.133386   38.963340
   534    0.124318   39.819609
   535    0.115835   40.603793
   536    0.107903   41.309690
   537    0.100488   41.934695
   538    0.093558   42.470876
   539    0.087083   42.912247
   540    0.081035   43.256206
   541    0.075387   43.499115
   542    0.070115   43.627150
   543    0.065195   43.653555
   544    0.060604   43.565842
   545    0.056323   43.366851
   546    0.052330   43.055158
   547    0.048608   42.632286
   548    0.045140   42.093079
   549    0.041908   41.447722
   550    0.038898   40.684696
   551    0.036095   39.810886
   552    0.033486   38.849981
   553    0.031058   37.806715
   554    0.028798   36.694725
   555    0.026697   35.524638
   556    0.024742   34.317248
   557    0.022925   33.033360
   558    0.021236   31.716843
   559    0.019667   30.362413
   560    0.018210   28.986883
   561    0.016856   27.614112
   562    0.015599   26.243972
   563    0.014433   24.882439
   564    0.013350   23.528472
   565    0.012346   22.177630
   566    0.011414   20.846102
   567    0.010551   19.540984
   568    0.009750   18.277212
   569    0.009008   17.069111
   570    0.008320   15.918421
   571    0.007684   14.823210
   572    0.007094   13.782296
   573    0.006548   12.782527
   574    0.006042   11.829262
   575    0.005575   10.920540
   576    0.005142   10.070507
   577    0.004742    9.270961
   578    0.004372    8.519792
   579    0.004030    7.819369
   580    0.003713    7.176328
   581    0.003421    6.603291
   582    0.003151    6.107055
   583    0.002902    5.688437
   584    0.002672    5.337093
   585    0.002459    5.040080
   586    0.002263    4.785651
   587    0.002082    4.562414
   588    0.001916    4.368614
   589    0.001762    4.205753
   590    0.001620    4.079679
   591    0.001489    3.998377
   592    0.001368    3.970390
   593    0.001257    3.999674
   594    0.001155    4.085619
   595    0.001061    4.221686
   596    0.000974    4.398928
   597    0.000894    4.608737
   598    0.000821    4.849957
   599    0.000753    5.122854
   600    0.000691    5.429226
   601    0.000634    5.773753
   602    0.000581    6.156746
   603    0.000533    6.578519
   604    0.000488    7.039387
   605    0.000448    7.541837
   606    0.000410    8.086864
   607    0.000376    8.676464
   608    0.000344    9.315070
   609    0.000315   10.001265
   610    0.000288   10.742676
   611    0.000264   11.538866
   612    0.000242   12.396315
   613    0.000221   13.316480
   614    0.000202   14.307044
   615    0.000185   15.369238
   616    0.000169   16.500642
   617    0.000155   17.714518
   618    0.000141   19.013633
   619    0.000129   20.409179
   620    0.000118   21.898837
   621    0.000108   23.497662
   622    0.000098   25.204612
   623    0.000090   27.025060
   624    0.000082   28.984615
   625    0.000075   31.071084
   626    0.000068   33.306524
   627    0.000062   35.692379
   628    0.000057   38.243776
   629    0.000052   40.966415
   630    0.000047   43.858193
   631    0.000043   46.944821
   632    0.000039   50.206373
   633    0.000036   53.680652
   634    0.000033   57.371622
   635    0.000030   61.282948
   636    0.000027   65.387644
   637    0.000025   69.761244
   638    0.000022   74.377435
   639    0.000020   79.240972
   640    0.000019   84.378511
   641    0.000017   89.773816
   642    0.000015   95.491406
   643    0.000014  101.437650
   644    0.000013  107.751531
   645    0.000012  114.288790
   646    0.000010  121.210812
   647    0.000010  128.396560
   648    0.000009  135.829797
   649    0.000008  143.514394
#CDM-nucleon cross sections[pb]:
   201 6.722123E-09 #proton SI
   202 0.000000E+00 #proton SD
   203 6.884515E-09 #neutron SI
   204 0.000000E+00 #neutron SD
