BLOCK DarkMatter
   1   4.382382E-02   #dark matter relick densisty
   2   3.661138E-01   #ratio omega_N/omega_0
   100 0.985243 # ~nI1 ~nI1 -> Wm Wp
   301  8.360503E+01  #Dark Matter Mass (GeV)
   302  5.402629E-26  #SigmaV=[cm^3/s]
   401   83.605028    0.000757
   402   83.264815    0.000000
   403   82.646336    0.000000
   404   81.852256    0.000000
   405   80.921773    0.000000
   406   79.879144    0.000000
   407   78.741910    0.000000
   408   77.523848    0.000000
   409   76.236343    0.000001
   410   74.889125    0.000001
   411   73.490702    0.000001
   412   72.048637    0.000001
   413   70.569734    0.000001
   414   69.060167    0.000001
   415   67.525571    0.000002
   416   65.971115    0.000003
   417   64.401556    0.000005
   418   62.821280    0.000009
   419   61.234335    0.000013
   420   59.644461    0.000019
   421   58.055113    0.000026
   422   56.469482    0.000036
   423   54.890510    0.000048
   424   53.320906    0.000062
   425   51.763163    0.000080
   426   50.219566    0.000101
   427   48.692206    0.000124
   428   47.182988    0.000149
   429   45.693646    0.000175
   430   44.225745    0.000202
   431   42.780697    0.000230
   432   41.359764    0.000259
   433   39.964068    0.000294
   434   38.594598    0.000339
   435   37.252219    0.000398
   436   35.937674    0.000481
   437   34.651600    0.000592
   438   33.394522    0.000739
   439   32.166872    0.000927
   440   30.968984    0.001158
   441   29.801107    0.001436
   442   28.663408    0.001763
   443   27.555978    0.002141
   444   26.478836    0.002577
   445   25.431934    0.003078
   446   24.415165    0.003655
   447   23.428363    0.004320
   448   22.471310    0.005095
   449   21.543740    0.005995
   450   20.645343    0.007040
   451   19.775768    0.008259
   452   18.934628    0.009671
   453   18.121503    0.011314
   454   17.335943    0.013218
   455   16.577472    0.015429
   456   15.845588    0.017999
   457   15.139772    0.020975
   458   14.459485    0.024415
   459   13.804174    0.028383
   460   13.173270    0.032953
   461   12.566196    0.038184
   462   11.982367    0.044162
   463   11.421190    0.050988
   464   10.882068    0.058752
   465   10.364399    0.067594
   466    9.867584    0.077652
   467    9.391021    0.089120
   468    8.934110    0.102176
   469    8.496254    0.117051
   470    8.076861    0.133983
   471    7.675345    0.153174
   472    7.291122    0.175030
   473    6.923621    0.199709
   474    6.572273    0.227514
   475    6.236523    0.258777
   476    5.915821    0.293537
   477    5.609629    0.332494
   478    5.317420    0.375534
   479    5.038675    0.423533
   480    4.772890    0.476866
   481    4.519569    0.535890
   482    4.278230    0.601170
   483    4.048403    0.673810
   484    3.829628    0.754053
   485    3.621460    0.843183
   486    3.423465    0.941535
   487    3.235221    1.050624
   488    3.056320    1.170898
   489    2.886366    1.303786
   490    2.724973    1.450186
   491    2.571772    1.611402
   492    2.426401    1.789277
   493    2.288513    1.984591
   494    2.157773    2.198990
   495    2.033858    2.433301
   496    1.916453    2.688803
   497    1.805260    2.967329
   498    1.699987    3.269167
   499    1.600356    3.596217
   500    1.506099    3.949924
   501    1.416958    4.333130
   502    1.332685    4.747574
   503    1.253043    5.197288
   504    1.177803    5.684309
   505    1.106748    6.210620
   506    1.039668    6.778130
   507    0.976362    7.388771
   508    0.916638    8.041171
   509    0.860314    8.736632
   510    0.807212    9.473803
   511    0.757167   10.251801
   512    0.710017   11.071778
   513    0.665610   11.934768
   514    0.623800   12.843240
   515    0.584448   13.801494
   516    0.547422   14.812807
   517    0.512595   15.880712
   518    0.479848   17.007127
   519    0.449066   18.193812
   520    0.420140   19.440100
   521    0.392967   20.744480
   522    0.367449   22.096312
   523    0.343493   23.493069
   524    0.321009   24.925160
   525    0.299915   26.383616
   526    0.280129   27.860641
   527    0.261578   29.350567
   528    0.244188   30.846947
   529    0.227893   32.342361
   530    0.212627   33.842386
   531    0.198331   35.330722
   532    0.184947   36.808683
   533    0.172419   38.268367
   534    0.160697   39.700872
   535    0.149733   41.083652
   536    0.139480   42.410562
   537    0.129894   43.653724
   538    0.120936   44.812325
   539    0.112566   45.871512
   540    0.104748   46.834113
   541    0.097448   47.697882
   542    0.090633   48.473891
   543    0.084273   49.168804
   544    0.078339   49.781543
   545    0.072805   50.340652
   546    0.067644   50.798694
   547    0.062833   51.142087
   548    0.058349   51.339637
   549    0.054172   51.353610
   550    0.050281   51.158272
   551    0.046658   50.725191
   552    0.043285   50.046144
   553    0.040146   49.165417
   554    0.037226   48.094791
   555    0.034509   46.911873
   556    0.031983   45.629840
   557    0.029634   44.332970
   558    0.027451   43.061432
   559    0.025423   41.787634
   560    0.023539   40.545270
   561    0.021789   39.303284
   562    0.020164   38.035298
   563    0.018656   36.713319
   564    0.017257   35.325955
   565    0.015959   33.862700
   566    0.014755   32.328496
   567    0.013638   30.750312
   568    0.012603   29.139502
   569    0.011644   27.534276
   570    0.010755   25.964111
   571    0.009932   24.443921
   572    0.009170   22.998609
   573    0.008464   21.643215
   574    0.007810   20.403448
   575    0.007206   19.265148
   576    0.006647   18.260604
   577    0.006129   17.360772
   578    0.005651   16.579294
   579    0.005209   15.895058
   580    0.004800   15.292529
   581    0.004422   14.753389
   582    0.004073   14.261780
   583    0.003751   13.802210
   584    0.003454   13.367156
   585    0.003179   12.968131
   586    0.002926   12.618009
   587    0.002692   12.349218
   588    0.002476   12.193976
   589    0.002277   12.186578
   590    0.002094   12.348299
   591    0.001925   12.700460
   592    0.001769   13.230301
   593    0.001625   13.911676
   594    0.001493   14.721041
   595    0.001371   15.612990
   596    0.001259   16.544614
   597    0.001156   17.489339
   598    0.001061   18.448019
   599    0.000974   19.433054
   600    0.000893   20.473393
   601    0.000819   21.632918
   602    0.000751   22.958281
   603    0.000689   24.537784
   604    0.000631   26.407942
   605    0.000579   28.625796
   606    0.000530   31.183866
   607    0.000486   34.099454
   608    0.000445   37.339921
   609    0.000407   40.848563
   610    0.000373   44.617250
   611    0.000341   48.628809
   612    0.000312   52.854434
   613    0.000286   57.388793
   614    0.000261   62.247175
   615    0.000239   67.526777
   616    0.000219   73.354776
   617    0.000200   79.846451
   618    0.000183   86.982394
   619    0.000167   94.773908
   620    0.000152  103.282828
   621    0.000139  112.293980
   622    0.000127  121.955906
   623    0.000116  132.128042
   624    0.000106  142.789498
   625    0.000097  153.906683
   626    0.000088  165.654671
   627    0.000080  177.909411
   628    0.000073  191.028052
   629    0.000067  204.769806
   630    0.000061  219.589270
   631    0.000056  235.936273
   632    0.000051  254.021108
   633    0.000046  274.298534
   634    0.000042  297.343364
   635    0.000038  323.364626
   636    0.000035  352.264304
   637    0.000032  384.077193
   638    0.000029  417.939026
   639    0.000026  453.039611
   640    0.000024  488.669208
   641    0.000022  524.350745
   642    0.000020  560.376012
   643    0.000018  597.950773
   644    0.000016  639.016211
   645    0.000015  686.617170
   646    0.000014  744.327011
   647    0.000012  815.828164
   648    0.000011  904.404729
   649    0.000010 1012.541948
#CDM-nucleon cross sections[pb]:
   201 8.759236E-09 #proton SI
   202 0.000000E+00 #proton SD
   203 9.168670E-09 #neutron SI
   204 0.000000E+00 #neutron SD
