BLOCK DarkMatter
   1   1.790721E-02   #dark matter relick densisty
   2   1.496007E-01   #ratio omega_N/omega_0
   100 0.462090 # ~nR1 ~nR1 -> Wm Wp
   101 0.323092 # ~nR1 ~nR1 -> h1 h1
   102 0.193240 # ~nR1 ~nR1 -> Z Z
   103 0.018306 # ~nR1 ~nR1 -> h1 h2
   301  1.149195E+02  #Dark Matter Mass (GeV)
   302  1.009263E-25  #SigmaV=[cm^3/s]
   401  114.919539    0.000389
   402  114.451898    0.000000
   403  113.601766    0.000000
   404  112.510262    0.000000
   405  111.231264    0.000000
   406  109.798115    0.000000
   407  108.234927    0.000000
   408  106.560636    0.000000
   409  104.790892    0.000000
   410  102.939069    0.000000
   411  101.016862    0.000001
   412   99.034668    0.000001
   413   97.001838    0.000002
   414   94.926858    0.000004
   415   92.817474    0.000005
   416   90.680792    0.000008
   417   88.523351    0.000011
   418   86.351177    0.000015
   419   84.169837    0.000019
   420   81.984471    0.000024
   421   79.799828    0.000029
   422   77.620294    0.000036
   423   75.449913    0.000043
   424   73.292410    0.000051
   425   71.151210    0.000061
   426   69.029454    0.000074
   427   66.930016    0.000091
   428   64.855517    0.000110
   429   62.808336    0.000133
   430   60.790629    0.000160
   431   58.804335    0.000193
   432   56.851187    0.000239
   433   54.932728    0.000290
   434   53.050320    0.000348
   435   51.205148    0.000416
   436   49.398237    0.000499
   437   47.630459    0.000601
   438   45.902540    0.000722
   439   44.215069    0.000864
   440   42.568508    0.001029
   441   40.963200    0.001221
   442   39.399373    0.001447
   443   37.877152    0.001712
   444   36.396562    0.002023
   445   34.957541    0.002388
   446   33.559938    0.002818
   447   32.203526    0.003326
   448   30.888006    0.003923
   449   29.613012    0.004620
   450   28.378117    0.005429
   451   27.182841    0.006367
   452   26.026650    0.007452
   453   24.908966    0.008709
   454   23.829173    0.010160
   455   22.786613    0.011828
   456   21.780600    0.013746
   457   20.810419    0.015959
   458   19.875329    0.018515
   459   18.974568    0.021460
   460   18.107357    0.024833
   461   17.272902    0.028684
   462   16.470399    0.033075
   463   15.699031    0.038077
   464   14.957978    0.043767
   465   14.246416    0.050239
   466   13.563517    0.057603
   467   12.908456    0.065992
   468   12.280407    0.075497
   469   11.678551    0.086207
   470   11.102074    0.098214
   471   10.550168    0.111724
   472   10.022034    0.127065
   473    9.516883    0.144396
   474    9.033938    0.163963
   475    8.572431    0.185995
   476    8.131609    0.210610
   477    7.710733    0.238120
   478    7.309075    0.268896
   479    6.925926    0.303247
   480    6.560590    0.341546
   481    6.212387    0.384291
   482    5.880654    0.431821
   483    5.564744    0.484638
   484    5.264026    0.543313
   485    4.977888    0.608272
   486    4.705733    0.680179
   487    4.446983    0.759733
   488    4.201074    0.847459
   489    3.967462    0.944334
   490    3.745620    1.050883
   491    3.535036    1.168186
   492    3.335216    1.296971
   493    3.145683    1.438267
   494    2.965974    1.593095
   495    2.795645    1.762700
   496    2.634267    1.947901
   497    2.481425    2.149938
   498    2.336722    2.370191
   499    2.199774    2.609641
   500    2.070213    2.869874
   501    1.947684    3.151780
   502    1.831846    3.457248
   503    1.722374    3.787675
   504    1.618953    4.144705
   505    1.521284    4.529549
   506    1.429079    4.944498
   507    1.342061    5.390511
   508    1.259968    5.869896
   509    1.182547    6.383820
   510    1.109556    6.933581
   511    1.040766    7.520547
   512    0.975956    8.145671
   513    0.914916    8.809758
   514    0.857446    9.513839
   515    0.803355   10.258520
   516    0.752460   11.043734
   517    0.704589   11.869980
   518    0.659576   12.737168
   519    0.617265   13.645295
   520    0.577504   14.592555
   521    0.540154   15.580094
   522    0.505078   16.604397
   523    0.472149   17.665939
   524    0.441244   18.759890
   525    0.412249   19.885058
   526    0.385053   21.038251
   527    0.359553   22.215571
   528    0.335650   23.413289
   529    0.313251   24.625516
   530    0.292268   25.847460
   531    0.272617   27.073741
   532    0.254219   28.300221
   533    0.236999   29.519682
   534    0.220887   30.725774
   535    0.205816   31.909630
   536    0.191722   33.068945
   537    0.178547   34.192863
   538    0.166233   35.277011
   539    0.154728   36.310653
   540    0.143982   37.288492
   541    0.133947   38.202806
   542    0.124580   39.050973
   543    0.115838   39.813555
   544    0.107682   40.501179
   545    0.100074   41.097987
   546    0.092980   41.599146
   547    0.086367   42.008580
   548    0.080204   42.306777
   549    0.074462   42.507849
   550    0.069114   42.601510
   551    0.064134   42.580134
   552    0.059498   42.459801
   553    0.055183   42.215556
   554    0.051168   41.869929
   555    0.047434   41.415676
   556    0.043962   40.866310
   557    0.040733   40.206361
   558    0.037733   39.462666
   559    0.034945   38.630286
   560    0.032355   37.710416
   561    0.029950   36.715984
   562    0.027717   35.654086
   563    0.025644   34.524647
   564    0.023720   33.344296
   565    0.021936   32.120986
   566    0.020281   30.859655
   567    0.018746   29.576405
   568    0.017324   28.279925
   569    0.016005   26.979630
   570    0.014784   25.690646
   571    0.013652   24.420208
   572    0.012604   23.177528
   573    0.011634   21.971872
   574    0.010736   20.809964
   575    0.009905   19.697069
   576    0.009136   18.640479
   577    0.008425   17.643202
   578    0.007767   16.713936
   579    0.007160   15.847037
   580    0.006598   15.057836
   581    0.006079   14.343755
   582    0.005599   13.708393
   583    0.005156   13.155248
   584    0.004747   12.685235
   585    0.004370   12.301400
   586    0.004022   12.005396
   587    0.003700   11.797256
   588    0.003404   11.678987
   589    0.003130   11.651356
   590    0.002878   11.717634
   591    0.002646   11.876728
   592    0.002431   12.134144
   593    0.002234   12.488000
   594    0.002052   12.947157
   595    0.001885   13.505040
   596    0.001731   14.171790
   597    0.001589   14.941514
   598    0.001458   15.824435
   599    0.001338   16.813248
   600    0.001228   17.922403
   601    0.001126   19.154679
   602    0.001033   20.518127
   603    0.000947   22.027360
   604    0.000868   23.696131
   605    0.000795   25.544719
   606    0.000729   27.573244
   607    0.000668   29.819788
   608    0.000611   32.280710
   609    0.000560   34.958586
   610    0.000513   37.874908
   611    0.000469   41.030638
   612    0.000429   44.446148
   613    0.000393   48.128718
   614    0.000359   52.114725
   615    0.000329   56.436864
   616    0.000300   61.160728
   617    0.000275   66.318557
   618    0.000251   71.968201
   619    0.000229   78.148553
   620    0.000209   84.947127
   621    0.000191   92.339539
   622    0.000175  100.399221
   623    0.000160  109.147376
   624    0.000146  118.638262
   625    0.000133  128.905915
   626    0.000121  140.013084
   627    0.000111  152.049316
   628    0.000101  165.020754
   629    0.000092  179.141654
   630    0.000084  194.437667
   631    0.000076  211.044706
   632    0.000070  228.990445
   633    0.000063  248.583814
   634    0.000058  269.757881
   635    0.000053  292.758347
   636    0.000048  317.967398
   637    0.000044  345.306313
   638    0.000040  375.236515
   639    0.000036  407.984572
   640    0.000033  443.891236
   641    0.000030  483.278323
   642    0.000027  526.533138
   643    0.000025  574.053165
   644    0.000023  626.197938
   645    0.000020  683.338201
   646    0.000019  745.835840
   647    0.000017  814.059290
   648    0.000015  888.450897
   649    0.000014  969.461014
#CDM-nucleon cross sections[pb]:
   201 9.724332E-11 #proton SI
   202 0.000000E+00 #proton SD
   203 1.672899E-10 #neutron SI
   204 0.000000E+00 #neutron SD
