BLOCK DarkMatter
   1   2.323829E-01   #dark matter relick densisty
   2   1.941377E+00   #ratio omega_N/omega_0
   100 0.290370 # ~nR1 ~nR1 -> d3 D3
   101 0.217161 # ~nI1 ~nI1 -> d3 D3
   102 0.185077 # ~nR1 ~nR1 -> nu4 nu4
   103 0.161452 # ~nI1 ~nI1 -> nu4 nu4
   104 0.050551 # ~nR1 ~nR1 -> e3 E3
   105 0.037806 # ~nI1 ~nI1 -> e3 E3
   106 0.024977 # ~nR1 ~nR1 -> g g
   107 0.018890 # ~nI1 ~nI1 -> g g
   301  5.041418E+01  #Dark Matter Mass (GeV)
   302  1.476731E-28  #SigmaV=[cm^3/s]
   401   50.414180    0.008612
   402   50.209030    0.000000
   403   49.836085    0.000000
   404   49.357252    0.000000
   405   48.796167    0.000000
   406   48.167457    0.000000
   407   47.481700    0.000000
   408   46.747204    0.000000
   409   45.970833    0.000001
   410   45.158455    0.000001
   411   44.315200    0.000001
   412   43.445629    0.000001
   413   42.553844    0.000001
   414   41.643569    0.000001
   415   40.718201    0.000001
   416   39.780858    0.000001
   417   38.834407    0.000001
   418   37.881494    0.000001
   419   36.924559    0.000001
   420   35.965859    0.000001
   421   35.007475    0.000002
   422   34.051333    0.000002
   423   33.099206    0.000002
   424   32.152729    0.000002
   425   31.213403    0.000003
   426   30.282608    0.000003
   427   29.361603    0.000004
   428   28.451539    0.000005
   429   27.553459    0.000005
   430   26.668309    0.000007
   431   25.796939    0.000008
   432   24.940110    0.000010
   433   24.098500    0.000012
   434   23.272704    0.000014
   435   22.463243    0.000018
   436   21.670568    0.000021
   437   20.895059    0.000026
   438   20.137036    0.000032
   439   19.396758    0.000039
   440   18.674426    0.000047
   441   17.970192    0.000057
   442   17.284155    0.000068
   443   16.616370    0.000082
   444   15.966848    0.000099
   445   15.335562    0.000119
   446   14.722446    0.000142
   447   14.127401    0.000170
   448   13.550294    0.000203
   449   12.990965    0.000242
   450   12.449228    0.000287
   451   11.924871    0.000339
   452   11.417660    0.000400
   453   10.927342    0.000472
   454   10.453646    0.000554
   455    9.996285    0.000650
   456    9.554956    0.000761
   457    9.129346    0.000888
   458    8.719130    0.001034
   459    8.323974    0.001201
   460    7.943537    0.001392
   461    7.577469    0.001611
   462    7.225418    0.001861
   463    6.887025    0.002147
   464    6.561932    0.002472
   465    6.249776    0.002842
   466    5.950194    0.003264
   467    5.662825    0.003743
   468    5.387305    0.004284
   469    5.123277    0.004897
   470    4.870381    0.005589
   471    4.628265    0.006368
   472    4.396577    0.007241
   473    4.174972    0.008219
   474    3.963108    0.009313
   475    3.760649    0.010535
   476    3.567265    0.011900
   477    3.382630    0.013418
   478    3.206426    0.015103
   479    3.038342    0.016978
   480    2.878073    0.019049
   481    2.725319    0.021338
   482    2.579791    0.023863
   483    2.441204    0.026639
   484    2.309282    0.029680
   485    2.183755    0.033007
   486    2.064363    0.036635
   487    1.950852    0.040593
   488    1.842974    0.044885
   489    1.740491    0.049550
   490    1.643170    0.054599
   491    1.550789    0.060056
   492    1.463130    0.065950
   493    1.379983    0.072306
   494    1.301146    0.079156
   495    1.226425    0.086530
   496    1.155629    0.094465
   497    1.088579    0.102988
   498    1.025099    0.112151
   499    0.965021    0.121983
   500    0.908184    0.132532
   501    0.854431    0.143849
   502    0.803615    0.155967
   503    0.755590    0.168956
   504    0.710220    0.182817
   505    0.667374    0.197548
   506    0.626924    0.213180
   507    0.588750    0.229653
   508    0.552737    0.246962
   509    0.518773    0.265081
   510    0.486752    0.283965
   511    0.456575    0.303617
   512    0.428143    0.323989
   513    0.401365    0.345056
   514    0.376154    0.366750
   515    0.352425    0.388997
   516    0.330098    0.411736
   517    0.309097    0.434889
   518    0.289350    0.458297
   519    0.270788    0.481914
   520    0.253346    0.505632
   521    0.236961    0.529282
   522    0.221573    0.552786
   523    0.207127    0.576054
   524    0.193570    0.598950
   525    0.180850    0.621353
   526    0.168919    0.643072
   527    0.157732    0.664162
   528    0.147247    0.684386
   529    0.137420    0.703676
   530    0.128215    0.721819
   531    0.119595    0.738784
   532    0.111524    0.754417
   533    0.103969    0.768528
   534    0.096901    0.780893
   535    0.090290    0.791384
   536    0.084107    0.799914
   537    0.078327    0.806225
   538    0.072925    0.810253
   539    0.067878    0.812156
   540    0.063164    0.811401
   541    0.058762    0.808454
   542    0.054652    0.802726
   543    0.050817    0.794635
   544    0.047239    0.784306
   545    0.043902    0.771473
   546    0.040790    0.756612
   547    0.037889    0.739422
   548    0.035185    0.720557
   549    0.032666    0.699827
   550    0.030320    0.677464
   551    0.028135    0.653612
   552    0.026101    0.628622
   553    0.024208    0.602913
   554    0.022447    0.576291
   555    0.020809    0.549091
   556    0.019286    0.521554
   557    0.017869    0.493736
   558    0.016553    0.465818
   559    0.015330    0.438076
   560    0.014194    0.410580
   561    0.013139    0.383464
   562    0.012159    0.357080
   563    0.011250    0.331271
   564    0.010406    0.306333
   565    0.009623    0.282198
   566    0.008897    0.259116
   567    0.008224    0.237216
   568    0.007600    0.216441
   569    0.007021    0.196958
   570    0.006485    0.178744
   571    0.005989    0.161754
   572    0.005529    0.145921
   573    0.005104    0.131204
   574    0.004710    0.117538
   575    0.004345    0.104941
   576    0.004008    0.093348
   577    0.003696    0.082740
   578    0.003408    0.073022
   579    0.003141    0.064168
   580    0.002894    0.056174
   581    0.002667    0.049009
   582    0.002456    0.042685
   583    0.002262    0.037176
   584    0.002083    0.032409
   585    0.001917    0.028304
   586    0.001764    0.024781
   587    0.001623    0.021776
   588    0.001493    0.019232
   589    0.001373    0.017124
   590    0.001263    0.015402
   591    0.001161    0.014029
   592    0.001067    0.012967
   593    0.000980    0.012182
   594    0.000900    0.011641
   595    0.000827    0.011316
   596    0.000759    0.011188
   597    0.000697    0.011227
   598    0.000640    0.011417
   599    0.000587    0.011754
   600    0.000539    0.012220
   601    0.000494    0.012812
   602    0.000453    0.013529
   603    0.000415    0.014348
   604    0.000381    0.015276
   605    0.000349    0.016303
   606    0.000320    0.017441
   607    0.000293    0.018682
   608    0.000268    0.020016
   609    0.000246    0.021452
   610    0.000225    0.022975
   611    0.000206    0.024585
   612    0.000188    0.026323
   613    0.000172    0.028188
   614    0.000158    0.030250
   615    0.000144    0.032452
   616    0.000132    0.034581
   617    0.000120    0.036978
   618    0.000110    0.039643
   619    0.000101    0.042475
   620    0.000092    0.045436
   621    0.000084    0.048574
   622    0.000077    0.051933
   623    0.000070    0.055499
   624    0.000064    0.059348
   625    0.000058    0.063454
   626    0.000053    0.067856
   627    0.000049    0.072572
   628    0.000044    0.077546
   629    0.000040    0.082862
   630    0.000037    0.088499
   631    0.000034    0.094470
   632    0.000031    0.100755
   633    0.000028    0.107372
   634    0.000025    0.114454
   635    0.000023    0.121863
   636    0.000021    0.129606
   637    0.000019    0.137830
   638    0.000017    0.146480
   639    0.000016    0.155526
   640    0.000014    0.164962
   641    0.000013    0.174776
   642    0.000012    0.185093
   643    0.000011    0.195615
   644    0.000010    0.206611
   645    0.000009    0.217706
   646    0.000008    0.229207
   647    0.000007    0.240871
   648    0.000007    0.252436
   649    0.000006    0.264048
#CDM-nucleon cross sections[pb]:
   201 6.335678E-11 #proton SI
   202 0.000000E+00 #proton SD
   203 6.266472E-11 #neutron SI
   204 0.000000E+00 #neutron SD
