BLOCK DarkMatter
   1   1.082027E-01   #dark matter relick densisty
   2   9.039493E-01   #ratio omega_N/omega_0
   100 0.514474 # ~nI1 ~nI1 -> Wm Wp
   101 0.221767 # ~nI1 ~nI1 -> Z Z
   102 0.110035 # ~nI1 ~nI1 -> nu4 nu4
   103 0.078001 # ~nI1 ~nI1 -> h1 h1
   104 0.042781 # ~nI1 ~nI1 -> h1 h2
   105 0.024890 # ~nI1 ~nR1 -> nu4 nu4
   301  1.257713E+02  #Dark Matter Mass (GeV)
   302  2.202729E-26  #SigmaV=[cm^3/s]
   401  125.771252    0.000094
   402  125.259452    0.000000
   403  124.329043    0.000000
   404  123.134470    0.000000
   405  121.734697    0.000000
   406  120.166218    0.000000
   407  118.455420    0.000000
   408  116.623027    0.000000
   409  114.686169    0.000000
   410  112.659481    0.000001
   411  110.555762    0.000001
   412  108.386392    0.000002
   413  106.161604    0.000003
   414  103.890686    0.000004
   415  101.582116    0.000006
   416   99.243670    0.000008
   417   96.882504    0.000011
   418   94.505214    0.000014
   419   92.117892    0.000018
   420   89.726165    0.000023
   421   87.335229    0.000038
   422   84.949885    0.000044
   423   82.574557    0.000051
   424   80.213324    0.000083
   425   77.869933    0.000093
   426   75.547822    0.000108
   427   73.250137    0.000125
   428   70.979745    0.000145
   429   68.739252    0.000167
   430   66.531015    0.000193
   431   64.357157    0.000224
   432   62.219575    0.000261
   433   60.119959    0.000304
   434   58.059797    0.000356
   435   56.040388    0.000417
   436   54.062853    0.000490
   437   52.128146    0.000576
   438   50.237061    0.000678
   439   48.390245    0.000777
   440   46.588201    0.000922
   441   44.831305    0.001094
   442   43.119808    0.001295
   443   41.453845    0.001536
   444   39.833446    0.001819
   445   38.258539    0.002149
   446   36.728962    0.002519
   447   35.244466    0.002958
   448   33.804723    0.003469
   449   32.409333    0.004066
   450   31.057829    0.004764
   451   29.749684    0.005581
   452   28.484315    0.006530
   453   27.261090    0.007623
   454   26.079332    0.008876
   455   24.938325    0.010316
   456   23.837316    0.011983
   457   22.775522    0.013924
   458   21.752132    0.016172
   459   20.766313    0.018752
   460   19.817213    0.021688
   461   18.903962    0.025029
   462   18.025679    0.028844
   463   17.181472    0.033214
   464   16.370442    0.038232
   465   15.591688    0.043981
   466   14.844304    0.050549
   467   14.127385    0.058037
   468   13.440031    0.066540
   469   12.781343    0.076183
   470   12.150429    0.087072
   471   11.546407    0.099444
   472   10.968402    0.113413
   473   10.415551    0.129155
   474    9.887002    0.146979
   475    9.381915    0.166947
   476    8.899467    0.189476
   477    8.438848    0.214744
   478    7.999262    0.243161
   479    7.579933    0.274937
   480    7.180099    0.310645
   481    6.799016    0.350595
   482    6.435957    0.395251
   483    6.090216    0.445065
   484    5.761102    0.500566
   485    5.447944    0.562238
   486    5.150090    0.630837
   487    4.866906    0.706786
   488    4.597776    0.790980
   489    4.342105    0.884172
   490    4.099315    0.987063
   491    3.868845    1.100427
   492    3.650157    1.225505
   493    3.442726    1.362957
   494    3.246047    1.513852
   495    3.059634    1.679085
   496    2.883017    1.859919
   497    2.715743    2.057543
   498    2.557376    2.273177
   499    2.407496    2.507969
   500    2.265701    2.763490
   501    2.131601    3.041018
   502    2.004825    3.342224
   503    1.885015    3.668847
   504    1.771829    4.022181
   505    1.664937    4.403747
   506    1.564025    4.815513
   507    1.468790    5.258633
   508    1.378945    5.735433
   509    1.294213    6.247630
   510    1.214330    6.797201
   511    1.139044    7.385900
   512    1.068114    8.015431
   513    1.001310    8.687553
   514    0.938414    9.402836
   515    0.879215   10.161712
   516    0.823514   10.965143
   517    0.771123   11.812106
   518    0.721859   12.702689
   519    0.675552   13.635726
   520    0.632037   14.609591
   521    0.591160   15.623262
   522    0.552772   16.674741
   523    0.516733   17.760883
   524    0.482910   18.880389
   525    0.451177   20.030951
   526    0.421413   21.210397
   527    0.393505   22.415641
   528    0.367345   23.645605
   529    0.342831   24.895219
   530    0.319866   26.161993
   531    0.298360   27.440491
   532    0.278224   28.724495
   533    0.259379   30.010315
   534    0.241745   31.289378
   535    0.225251   32.555016
   536    0.209826   33.801528
   537    0.195407   35.015135
   538    0.181930   36.195126
   539    0.169339   37.330855
   540    0.157578   38.417870
   541    0.146596   39.447192
   542    0.136344   40.412212
   543    0.126776   41.305431
   544    0.117850   42.126265
   545    0.109524   42.866203
   546    0.101760   43.515722
   547    0.094523   44.076951
   548    0.087778   44.535046
   549    0.081494   44.897784
   550    0.075640   45.147253
   551    0.070190   45.296078
   552    0.065116   45.331047
   553    0.060394   45.248723
   554    0.056000   45.063260
   555    0.051913   44.753757
   556    0.048113   44.343465
   557    0.044580   43.826682
   558    0.041296   43.185061
   559    0.038245   42.461402
   560    0.035410   41.637772
   561    0.032778   40.718894
   562    0.030334   39.716265
   563    0.028065   38.652178
   564    0.025960   37.518808
   565    0.024007   36.323987
   566    0.022196   35.085194
   567    0.020516   33.802086
   568    0.018960   32.490459
   569    0.017517   31.160089
   570    0.016180   29.820593
   571    0.014941   28.478926
   572    0.013794   27.151760
   573    0.012732   25.845366
   574    0.011750   24.567896
   575    0.010840   23.335922
   576    0.009999   22.152028
   577    0.009221   21.027226
   578    0.008501   19.955780
   579    0.007836   18.950653
   580    0.007221   18.002488
   581    0.006653   17.128173
   582    0.006128   16.319111
   583    0.005643   15.579386
   584    0.005196   14.911737
   585    0.004783   14.319605
   586    0.004401   13.807966
   587    0.004049   13.381375
   588    0.003725   13.045369
   589    0.003426   12.807858
   590    0.003150   12.673505
   591    0.002895   12.648352
   592    0.002661   12.735107
   593    0.002445   12.937559
   594    0.002246   13.259753
   595    0.002063   13.698748
   596    0.001894   14.256440
   597    0.001739   14.930993
   598    0.001596   15.717153
   599    0.001465   16.620581
   600    0.001344   17.638062
   601    0.001233   18.773742
   602    0.001130   20.037145
   603    0.001036   21.431889
   604    0.000950   22.969095
   605    0.000871   24.666711
   606    0.000798   26.531277
   607    0.000731   28.582365
   608    0.000669   30.826984
   609    0.000613   33.291395
   610    0.000561   35.987119
   611    0.000513   38.940170
   612    0.000470   42.166907
   613    0.000430   45.703432
   614    0.000393   49.581545
   615    0.000360   53.831944
   616    0.000329   58.471837
   617    0.000301   63.531522
   618    0.000275   69.039266
   619    0.000251   75.027931
   620    0.000229   81.491072
   621    0.000209   88.500766
   622    0.000191   96.086985
   623    0.000175  104.260622
   624    0.000159  113.131604
   625    0.000145  122.701242
   626    0.000133  133.072520
   627    0.000121  144.231168
   628    0.000110  156.300477
   629    0.000101  169.291298
   630    0.000092  183.277079
   631    0.000084  198.273878
   632    0.000076  214.389889
   633    0.000069  231.761654
   634    0.000063  250.608924
   635    0.000058  271.057759
   636    0.000052  293.448368
   637    0.000048  317.934086
   638    0.000043  344.794827
   639    0.000040  374.437750
   640    0.000036  406.950532
   641    0.000033  442.503720
   642    0.000030  481.133091
   643    0.000027  522.766036
   644    0.000025  567.097060
   645    0.000022  613.760906
   646    0.000020  662.228770
   647    0.000018  711.879148
   648    0.000017  762.253947
   649    0.000015  813.103490
#CDM-nucleon cross sections[pb]:
   201 1.390343E-09 #proton SI
   202 0.000000E+00 #proton SD
   203 1.451983E-09 #neutron SI
   204 0.000000E+00 #neutron SD
