BLOCK DarkMatter
   1   1.264479E-01   #dark matter relick densisty
   2   1.056373E+00   #ratio omega_N/omega_0
   100 0.595341 # ~nR1 ~nR1 -> Wm Wp
   101 0.248126 # ~nR1 ~nR1 -> nu4 nu4
   102 0.154042 # ~nR1 ~nR1 -> Z Z
   301  9.281292E+01  #Dark Matter Mass (GeV)
   302  1.897547E-26  #SigmaV=[cm^3/s]
   401   92.812923    0.000295
   402   92.435240    0.000000
   403   91.748644    0.000000
   404   90.867109    0.000000
   405   89.834146    0.000000
   406   88.676687    0.000000
   407   87.414203    0.000000
   408   86.061988    0.000000
   409   84.632683    0.000000
   410   83.137088    0.000000
   411   81.584649    0.000000
   412   79.983761    0.000000
   413   78.341979    0.000000
   414   76.666154    0.000000
   415   74.962544    0.000001
   416   73.236888    0.000001
   417   71.494464    0.000002
   418   69.740143    0.000003
   419   67.978419    0.000005
   420   66.213443    0.000007
   421   64.449051    0.000010
   422   62.688786    0.000014
   423   60.935912    0.000019
   424   59.193440    0.000025
   425   57.464134    0.000032
   426   55.750532    0.000042
   427   54.054954    0.000053
   428   52.379518    0.000068
   429   50.726146    0.000086
   430   49.096577    0.000108
   431   47.492378    0.000132
   432   45.914949    0.000159
   433   44.365537    0.000189
   434   42.845240    0.000225
   435   41.355016    0.000270
   436   39.895694    0.000326
   437   38.467977    0.000397
   438   37.072450    0.000482
   439   35.709591    0.000584
   440   34.379773    0.000707
   441   33.083271    0.000856
   442   31.820272    0.001033
   443   30.590874    0.001242
   444   29.395100    0.001489
   445   28.232897    0.001786
   446   27.104146    0.002142
   447   26.008661    0.002564
   448   24.946203    0.003061
   449   23.916474    0.003642
   450   22.919131    0.004326
   451   21.953785    0.005145
   452   21.020006    0.006110
   453   20.117327    0.007236
   454   19.245249    0.008544
   455   18.403243    0.010065
   456   17.590753    0.011822
   457   16.807201    0.013832
   458   16.051990    0.016130
   459   15.324505    0.018789
   460   14.624116    0.021904
   461   13.950183    0.025529
   462   13.302053    0.029648
   463   12.679071    0.034242
   464   12.080571    0.039398
   465   11.505889    0.045332
   466   10.954357    0.052273
   467   10.425307    0.060327
   468    9.918074    0.069485
   469    9.431994    0.079732
   470    8.966412    0.091212
   471    8.520674    0.104075
   472    8.094135    0.118611
   473    7.686158    0.135094
   474    7.296115    0.153792
   475    6.923386    0.174966
   476    6.567364    0.198677
   477    6.227450    0.225325
   478    5.903057    0.254988
   479    5.593613    0.288237
   480    5.298555    0.325179
   481    5.017335    0.366252
   482    4.749416    0.411774
   483    4.494276    0.462452
   484    4.251407    0.518540
   485    4.020312    0.580751
   486    3.800510    0.649495
   487    3.591534    0.725782
   488    3.392930    0.810141
   489    3.204257    0.903245
   490    3.025090    1.006064
   491    2.855015    1.119203
   492    2.693634    1.243831
   493    2.540560    1.380561
   494    2.395421    1.530434
   495    2.257858    1.694324
   496    2.127523    1.872919
   497    2.004083    2.067438
   498    1.887216    2.278650
   499    1.776612    2.507707
   500    1.671974    2.755896
   501    1.573015    3.024565
   502    1.479461    3.315048
   503    1.391047    3.629022
   504    1.307522    3.967990
   505    1.228641    4.333776
   506    1.154172    4.727319
   507    1.083894    5.150477
   508    1.017593    5.604017
   509    0.955065    6.089315
   510    0.896115    6.607201
   511    0.840558    7.158423
   512    0.788215    7.743337
   513    0.738917    8.363782
   514    0.692502    9.020461
   515    0.648817    9.714109
   516    0.607713   10.444920
   517    0.569050   11.214354
   518    0.532696   12.021921
   519    0.498524   12.866583
   520    0.466412   13.746364
   521    0.436247   14.660110
   522    0.407918   15.604562
   523    0.381323   16.575377
   524    0.356364   17.569749
   525    0.332946   18.584771
   526    0.310982   19.613211
   527    0.290387   20.654488
   528    0.271082   21.703417
   529    0.252992   22.755762
   530    0.236045   23.808137
   531    0.220175   24.856223
   532    0.205316   25.896214
   533    0.191409   26.921798
   534    0.178396   27.927527
   535    0.166224   28.901391
   536    0.154841   29.838981
   537    0.144200   30.730542
   538    0.134255   31.565316
   539    0.124964   32.338103
   540    0.116285   33.034628
   541    0.108181   33.656841
   542    0.100615   34.193252
   543    0.093555   34.645637
   544    0.086967   35.008201
   545    0.080823   35.284081
   546    0.075094   35.470593
   547    0.069753   35.564359
   548    0.064776   35.559466
   549    0.060138   35.452891
   550    0.055819   35.245043
   551    0.051797   34.928421
   552    0.048052   34.513915
   553    0.044568   33.985650
   554    0.041325   33.368700
   555    0.038309   32.669543
   556    0.035505   31.889536
   557    0.032898   31.048619
   558    0.030474   30.163665
   559    0.028223   29.235810
   560    0.026131   28.267384
   561    0.024188   27.271301
   562    0.022385   26.240961
   563    0.020711   25.181851
   564    0.019157   24.098525
   565    0.017716   22.991242
   566    0.016380   21.873352
   567    0.015140   20.755877
   568    0.013991   19.646889
   569    0.012926   18.562012
   570    0.011940   17.516837
   571    0.011026   16.514749
   572    0.010180   15.563630
   573    0.009396   14.667894
   574    0.008671   13.833653
   575    0.008000   13.058414
   576    0.007379   12.340231
   577    0.006804   11.677778
   578    0.006273   11.073479
   579    0.005782   10.525983
   580    0.005329   10.034866
   581    0.004909    9.602073
   582    0.004522    9.227132
   583    0.004164    8.911488
   584    0.003834    8.654551
   585    0.003529    8.462518
   586    0.003248    8.334993
   587    0.002988    8.278666
   588    0.002749    8.298927
   589    0.002528    8.405727
   590    0.002324    8.598671
   591    0.002137    8.887079
   592    0.001964    9.270134
   593    0.001804    9.738689
   594    0.001658   10.293087
   595    0.001522   10.920557
   596    0.001398   11.608925
   597    0.001283   12.355524
   598    0.001178   13.158669
   599    0.001081   14.022726
   600    0.000992   14.962171
   601    0.000910   15.989722
   602    0.000834   17.134952
   603    0.000765   18.416368
   604    0.000701   19.851605
   605    0.000642   21.460059
   606    0.000589   23.249044
   607    0.000539   25.219255
   608    0.000494   27.368753
   609    0.000452   29.676380
   610    0.000414   32.155300
   611    0.000379   34.781999
   612    0.000347   37.587755
   613    0.000317   40.604703
   614    0.000290   43.857410
   615    0.000265   47.421764
   616    0.000243   51.341939
   617    0.000222   55.703771
   618    0.000203   60.545231
   619    0.000185   65.868419
   620    0.000169   71.724562
   621    0.000155   78.074225
   622    0.000141   84.952476
   623    0.000129   92.384274
   624    0.000118  100.383377
   625    0.000107  109.001059
   626    0.000098  118.421410
   627    0.000089  128.671992
   628    0.000081  139.953251
   629    0.000074  152.400963
   630    0.000068  166.143694
   631    0.000062  181.284501
   632    0.000056  197.862377
   633    0.000051  215.730625
   634    0.000047  235.041963
   635    0.000043  255.594391
   636    0.000039  277.281745
   637    0.000035  300.146519
   638    0.000032  323.993986
   639    0.000029  349.123685
   640    0.000027  375.671959
   641    0.000024  404.143947
   642    0.000022  435.313201
   643    0.000020  470.274007
   644    0.000018  510.418275
   645    0.000017  557.453302
   646    0.000015  613.349023
   647    0.000014  680.059194
   648    0.000012  759.445790
   649    0.000011  852.990719
#CDM-nucleon cross sections[pb]:
   201 8.787688E-10 #proton SI
   202 0.000000E+00 #proton SD
   203 9.076742E-10 #neutron SI
   204 0.000000E+00 #neutron SD
