BLOCK DarkMatter
   1   8.157932E-03   #dark matter relick densisty
   2   6.815315E-02   #ratio omega_N/omega_0
   100 0.754913 # ~nI1 ~nI1 -> nu4 nu4
   101 0.134207 # ~nI1 ~nI1 -> d3 D3
   102 0.069644 # ~nI1 ~nI1 -> g g
   103 0.023336 # ~nI1 ~nI1 -> e3 E3
   104 0.014556 # ~nI1 ~nI1 -> u2 U2
   301  5.801968E+01  #Dark Matter Mass (GeV)
   302  3.960173E-27  #SigmaV=[cm^3/s]
   401   58.019681    0.051853
   402   57.783582    0.000006
   403   57.354374    0.000014
   404   56.803304    0.000020
   405   56.157573    0.000024
   406   55.434016    0.000028
   407   54.644806    0.000032
   408   53.799503    0.000037
   409   52.906008    0.000042
   410   51.971074    0.000048
   411   51.000606    0.000055
   412   49.999851    0.000063
   413   48.973531    0.000074
   414   47.925932    0.000086
   415   46.860962    0.000101
   416   45.782211    0.000118
   417   44.692979    0.000138
   418   43.596309    0.000162
   419   42.495011    0.000189
   420   41.391680    0.000221
   421   40.288715    0.000257
   422   39.188329    0.000299
   423   38.092564    0.000348
   424   37.003300    0.000406
   425   35.922268    0.000475
   426   34.851052    0.000554
   427   33.791105    0.000644
   428   32.743747    0.000747
   429   31.710183    0.000865
   430   30.691499    0.001001
   431   29.688674    0.001157
   432   28.702584    0.001337
   433   27.734007    0.001546
   434   26.783632    0.001785
   435   25.852056    0.002059
   436   24.939797    0.002375
   437   24.047295    0.002737
   438   23.174916    0.003154
   439   22.322959    0.003627
   440   21.491657    0.004163
   441   20.681181    0.004772
   442   19.891648    0.005470
   443   19.123121    0.006278
   444   18.375613    0.007218
   445   17.649091    0.008310
   446   16.943480    0.009572
   447   16.258665    0.011017
   448   15.594496    0.012669
   449   14.950787    0.014554
   450   14.327323    0.016713
   451   13.723861    0.019209
   452   13.140132    0.022099
   453   12.575845    0.025454
   454   12.030687    0.029339
   455   11.504327    0.033810
   456   10.996420    0.038935
   457   10.506602    0.044810
   458   10.034501    0.051549
   459    9.579732    0.059319
   460    9.141901    0.068278
   461    8.720608    0.078619
   462    8.315446    0.090510
   463    7.926004    0.104115
   464    7.551868    0.119608
   465    7.192619    0.137150
   466    6.847843    0.157073
   467    6.517120    0.179623
   468    6.200036    0.205216
   469    5.896176    0.234161
   470    5.605128    0.267063
   471    5.326486    0.304326
   472    5.059846    0.346330
   473    4.804810    0.393629
   474    4.560984    0.446632
   475    4.327982    0.505760
   476    4.105423    0.571658
   477    3.892935    0.645135
   478    3.690149    0.726572
   479    3.496708    0.817326
   480    3.312260    0.917819
   481    3.136462    1.028987
   482    2.968979    1.151842
   483    2.809485    1.286985
   484    2.657661    1.435826
   485    2.513197    1.599132
   486    2.375794    1.777592
   487    2.245158    1.972456
   488    2.121005    2.184713
   489    2.003062    2.415567
   490    1.891060    2.666936
   491    1.784742    2.939650
   492    1.683858    3.235019
   493    1.588168    3.554349
   494    1.497438    3.897951
   495    1.411443    4.267162
   496    1.329968    4.662432
   497    1.252803    5.083819
   498    1.179746    5.532924
   499    1.110605    6.012048
   500    1.045193    6.528967
   501    0.983331    7.092250
   502    0.924848    7.713626
   503    0.869579    8.399966
   504    0.817364    9.151512
   505    0.768054    9.960485
   506    0.721502   10.813717
   507    0.677569   11.696262
   508    0.636123   12.595498
   509    0.597035   13.505446
   510    0.560184   14.424378
   511    0.525454   15.354197
   512    0.492733   16.297683
   513    0.461916   17.256672
   514    0.432901   18.232559
   515    0.405592   19.227564
   516    0.379896   20.241179
   517    0.355728   21.271555
   518    0.333002   22.318346
   519    0.311640   23.374095
   520    0.291566   24.433299
   521    0.272709   25.492269
   522    0.255000   26.543081
   523    0.238375   27.588306
   524    0.222772   28.625083
   525    0.208133   29.650432
   526    0.194402   30.659267
   527    0.181528   31.642223
   528    0.169460   32.590951
   529    0.158152   33.496184
   530    0.147558   34.353893
   531    0.137637   35.163809
   532    0.128348   35.923608
   533    0.119654   36.629797
   534    0.111520   37.268600
   535    0.103911   37.837136
   536    0.096795   38.327699
   537    0.090143   38.742050
   538    0.083926   39.072480
   539    0.078118   39.310874
   540    0.072693   39.457859
   541    0.067626   39.508242
   542    0.062897   39.450155
   543    0.058483   39.308466
   544    0.054365   39.061783
   545    0.050525   38.734596
   546    0.046943   38.314672
   547    0.043604   37.812551
   548    0.040493   37.202499
   549    0.037594   36.513488
   550    0.034894   35.718389
   551    0.032379   34.823550
   552    0.030039   33.868668
   553    0.027860   32.855374
   554    0.025834   31.802010
   555    0.023948   30.723271
   556    0.022195   29.621885
   557    0.020565   28.470814
   558    0.019050   27.289296
   559    0.017643   26.082054
   560    0.016335   24.869909
   561    0.015121   23.673499
   562    0.013993   22.493921
   563    0.012947   21.328391
   564    0.011976   20.170327
   565    0.011075   19.008126
   566    0.010239   17.861673
   567    0.009464   16.740021
   568    0.008746   15.665774
   569    0.008081   14.656873
   570    0.007464   13.709701
   571    0.006893   12.811442
   572    0.006363   11.949179
   573    0.005874   11.110133
   574    0.005420   10.300746
   575    0.005001    9.527965
   576    0.004613    8.803814
   577    0.004254    8.123642
   578    0.003922    7.479986
   579    0.003615    6.875750
   580    0.003331    6.324988
   581    0.003069    5.851759
   582    0.002827    5.471913
   583    0.002603    5.186831
   584    0.002397    4.980415
   585    0.002206    4.830315
   586    0.002030    4.718867
   587    0.001868    4.633546
   588    0.001718    4.575639
   589    0.001580    4.549478
   590    0.001453    4.561661
   591    0.001336    4.618880
   592    0.001228    4.728284
   593    0.001128    4.893077
   594    0.001036    5.112150
   595    0.000952    5.381179
   596    0.000874    5.692162
   597    0.000802    6.037745
   598    0.000736    6.419480
   599    0.000676    6.839066
   600    0.000620    7.298785
   601    0.000569    7.804134
   602    0.000521    8.356339
   603    0.000478    8.956656
   604    0.000438    9.606240
   605    0.000402   10.309605
   606    0.000368   11.070200
   607    0.000337   11.888937
   608    0.000309   12.773019
   609    0.000283   13.719516
   610    0.000259   14.736799
   611    0.000237   15.824628
   612    0.000217   16.996022
   613    0.000198   18.249831
   614    0.000181   19.602043
   615    0.000166   21.048761
   616    0.000152   22.590209
   617    0.000139   24.241744
   618    0.000127   26.008560
   619    0.000116   27.902209
   620    0.000106   29.918716
   621    0.000097   32.077412
   622    0.000088   34.382530
   623    0.000081   36.832063
   624    0.000074   39.462389
   625    0.000067   42.253612
   626    0.000061   45.242948
   627    0.000056   48.427096
   628    0.000051   51.820867
   629    0.000046   55.445054
   630    0.000042   59.291201
   631    0.000039   63.381994
   632    0.000035   67.706218
   633    0.000032   72.294972
   634    0.000029   77.174761
   635    0.000027   82.333941
   636    0.000024   87.729644
   637    0.000022   93.466615
   638    0.000020   99.502983
   639    0.000018  105.841888
   640    0.000017  112.500397
   641    0.000015  119.462974
   642    0.000014  126.815029
   643    0.000012  134.395806
   644    0.000011  142.389681
   645    0.000010  150.574713
   646    0.000009  159.164214
   647    0.000009  167.994089
   648    0.000008  176.971221
   649    0.000007  186.143366
#CDM-nucleon cross sections[pb]:
   201 2.089938E-10 #proton SI
   202 0.000000E+00 #proton SD
   203 2.093484E-10 #neutron SI
   204 0.000000E+00 #neutron SD
