BLOCK DarkMatter
   1   6.610072E-02   #dark matter relick densisty
   2   5.522199E-01   #ratio omega_N/omega_0
   100 0.502790 # ~nI1 ~nI1 -> Wm Wp
   101 0.221918 # ~nI1 ~nI1 -> Z Z
   102 0.193673 # ~nI1 ~nI1 -> h1 h1
   103 0.057340 # ~nI1 ~nI1 -> h2 h2
   104 0.015007 # ~nI1 ~nI1 -> h1 h2
   301  1.385221E+02  #Dark Matter Mass (GeV)
   302  3.906038E-26  #SigmaV=[cm^3/s]
   401  138.522057    0.000080
   402  137.958371    0.000000
   403  136.933636    0.000000
   404  135.617956    0.000000
   405  134.076273    0.000000
   406  132.348780    0.000000
   407  130.464539    0.000000
   408  128.446377    0.000000
   409  126.313158    0.000000
   410  124.081003    0.000001
   411  121.764007    0.000001
   412  119.374704    0.000002
   413  116.924365    0.000003
   414  114.423219    0.000005
   415  111.880604    0.000007
   416  109.305084    0.000009
   417  106.704541    0.000027
   418  104.086239    0.000034
   419  101.456889    0.000038
   420   98.822686    0.000042
   421   96.189355    0.000046
   422   93.562182    0.000091
   423   90.946042    0.000098
   424   88.345424    0.000109
   425   85.764458    0.000121
   426   83.206929    0.000135
   427   80.676303    0.000151
   428   78.175736    0.000169
   429   75.708100    0.000189
   430   73.275990    0.000214
   431   70.881744    0.000244
   432   68.527453    0.000278
   433   66.214976    0.000318
   434   63.945953    0.000365
   435   61.721814    0.000423
   436   59.543795    0.000491
   437   57.412945    0.000570
   438   55.330141    0.000663
   439   53.296092    0.000774
   440   51.311356    0.000909
   441   49.376344    0.001071
   442   47.491334    0.001262
   443   45.656474    0.001483
   444   43.871797    0.001732
   445   42.137225    0.001982
   446   40.452578    0.002325
   447   38.817582    0.002724
   448   37.231877    0.003201
   449   35.695021    0.003759
   450   34.206500    0.004405
   451   32.765734    0.005145
   452   31.372081    0.005995
   453   30.024844    0.006965
   454   28.723279    0.008115
   455   27.466596    0.009454
   456   26.253965    0.011002
   457   25.084525    0.012770
   458   23.957383    0.014771
   459   22.871621    0.017046
   460   21.826300    0.019655
   461   20.820463    0.022668
   462   19.853138    0.026140
   463   18.923345    0.030116
   464   18.030093    0.034654
   465   17.172388    0.039845
   466   16.349233    0.045790
   467   15.559633    0.052577
   468   14.802593    0.060278
   469   14.077127    0.069005
   470   13.382251    0.078871
   471   12.716993    0.090121
   472   12.080389    0.102901
   473   11.471489    0.117444
   474   10.889355    0.133809
   475   10.333063    0.152282
   476    9.801704    0.173154
   477    9.294386    0.196700
   478    8.810235    0.223252
   479    8.348394    0.253061
   480    7.908024    0.286506
   481    7.488306    0.324034
   482    7.088441    0.365950
   483    6.707648    0.412753
   484    6.345168    0.464948
   485    6.000262    0.523195
   486    5.672211    0.588010
   487    5.360317    0.660183
   488    5.063903    0.740253
   489    4.782312    0.829327
   490    4.514907    0.928084
   491    4.261073    1.037476
   492    4.020213    1.158599
   493    3.791752    1.292318
   494    3.575135    1.439930
   495    3.369823    1.602410
   496    3.175300    1.780994
   497    2.991068    1.976816
   498    2.816645    2.191216
   499    2.651571    2.425436
   500    2.495399    2.680755
   501    2.347705    2.958469
   502    2.208076    3.260381
   503    2.076120    3.587742
   504    1.951459    3.942112
   505    1.833730    4.325367
   506    1.722587    4.739744
   507    1.617698    5.187375
   508    1.518744    5.670361
   509    1.425422    6.191300
   510    1.337440    6.752227
   511    1.254521    7.354632
   512    1.176400    7.999557
   513    1.102824    8.687188
   514    1.033551    9.418428
   515    0.968350   10.193501
   516    0.907003   11.011942
   517    0.849300   11.874384
   518    0.795042   12.780679
   519    0.744040   13.730895
   520    0.696114   14.725656
   521    0.651092   15.763318
   522    0.608813   16.843011
   523    0.569120   17.963621
   524    0.531868   19.123463
   525    0.496917   20.318750
   526    0.464136   21.547337
   527    0.433398   22.804064
   528    0.404586   24.084754
   529    0.377587   25.384242
   530    0.352295   26.698600
   531    0.328608   28.022305
   532    0.306431   29.350069
   533    0.285675   30.677908
   534    0.266254   32.000113
   535    0.248087   33.309711
   536    0.231099   34.602414
   537    0.215217   35.870619
   538    0.200374   37.108782
   539    0.186507   38.310055
   540    0.173553   39.464407
   541    0.161458   40.567694
   542    0.150167   41.610535
   543    0.139629   42.589276
   544    0.129798   43.494075
   545    0.120627   44.321288
   546    0.112077   45.067639
   547    0.104106   45.719146
   548    0.096677   46.286699
   549    0.089756   46.759331
   550    0.083309   47.135652
   551    0.077306   47.409038
   552    0.071718   47.584439
   553    0.066517   47.651279
   554    0.061678   47.606286
   555    0.057176   47.442275
   556    0.052991   47.171568
   557    0.049099   46.781607
   558    0.045483   46.272532
   559    0.042122   45.643083
   560    0.039000   44.914513
   561    0.036101   44.072570
   562    0.033409   43.138290
   563    0.030911   42.101551
   564    0.028592   40.985296
   565    0.026441   39.798751
   566    0.024446   38.548699
   567    0.022596   37.248596
   568    0.020882   35.908088
   569    0.019292   34.534897
   570    0.017820   33.142369
   571    0.016456   31.741670
   572    0.015193   30.340209
   573    0.014023   28.942159
   574    0.012941   27.566147
   575    0.011939   26.211964
   576    0.011012   24.884308
   577    0.010155   23.598310
   578    0.009363   22.349184
   579    0.008630   21.150307
   580    0.007953   20.006734
   581    0.007327   18.918145
   582    0.006749   17.893763
   583    0.006215   16.939012
   584    0.005722   16.061214
   585    0.005267   15.268238
   586    0.004847   14.559731
   587    0.004460   13.944039
   588    0.004103   13.423984
   589    0.003773   12.999517
   590    0.003469   12.668128
   591    0.003189   12.433126
   592    0.002931   12.290616
   593    0.002693   12.243580
   594    0.002474   12.291808
   595    0.002272   12.437809
   596    0.002086   12.681116
   597    0.001915   13.030699
   598    0.001758   13.484070
   599    0.001613   14.051861
   600    0.001480   14.730539
   601    0.001357   15.523405
   602    0.001245   16.434734
   603    0.001141   17.469110
   604    0.001046   18.630607
   605    0.000959   19.923278
   606    0.000878   21.360729
   607    0.000805   22.946549
   608    0.000737   24.696030
   609    0.000675   26.622940
   610    0.000618   28.738868
   611    0.000565   31.071783
   612    0.000517   33.634412
   613    0.000473   36.452992
   614    0.000433   39.540135
   615    0.000396   42.916522
   616    0.000362   46.613786
   617    0.000331   50.629408
   618    0.000302   55.006091
   619    0.000276   59.733580
   620    0.000253   64.844348
   621    0.000231   70.378359
   622    0.000211   76.336384
   623    0.000192   82.784134
   624    0.000176   89.757816
   625    0.000160   97.307705
   626    0.000146  105.509386
   627    0.000133  114.459553
   628    0.000122  124.197454
   629    0.000111  134.862757
   630    0.000101  146.560533
   631    0.000092  159.303204
   632    0.000084  173.206770
   633    0.000077  188.360307
   634    0.000070  204.843894
   635    0.000063  222.738883
   636    0.000058  242.099237
   637    0.000053  263.146547
   638    0.000048  285.913070
   639    0.000044  310.717557
   640    0.000040  337.545947
   641    0.000036  366.765013
   642    0.000033  398.568428
   643    0.000030  433.180368
   644    0.000027  470.837067
   645    0.000025  511.781499
   646    0.000022  556.281090
   647    0.000020  604.600121
   648    0.000018  657.068573
   649    0.000017  713.996336
#CDM-nucleon cross sections[pb]:
   201 1.905118E-09 #proton SI
   202 0.000000E+00 #proton SD
   203 1.977641E-09 #neutron SI
   204 0.000000E+00 #neutron SD
