BLOCK DarkMatter
   1   6.003052E-02   #dark matter relick densisty
   2   5.015081E-01   #ratio omega_N/omega_0
   100 0.551261 # ~nI1 ~nI1 -> Wm Wp
   101 0.243541 # ~nI1 ~nI1 -> Z Z
   102 0.145917 # ~nI1 ~nI1 -> h2 h2
   103 0.033673 # ~nI1 ~nI1 -> h1 h2
   104 0.021879 # ~nI1 ~nI1 -> h1 h1
   301  1.391154E+02  #Dark Matter Mass (GeV)
   302  4.331213E-26  #SigmaV=[cm^3/s]
   401  139.115371    0.000056
   402  138.549270    0.000000
   403  137.520146    0.000000
   404  136.198831    0.000000
   405  134.650545    0.000000
   406  132.915653    0.000000
   407  131.023341    0.000000
   408  128.996535    0.000000
   409  126.854179    0.000000
   410  124.612463    0.000001
   411  122.285544    0.000001
   412  119.886006    0.000002
   413  117.425172    0.000003
   414  114.913313    0.000005
   415  112.359808    0.000007
   416  109.773257    0.000010
   417  107.161575    0.000014
   418  104.532059    0.000026
   419  101.891446    0.000030
   420   99.245961    0.000035
   421   96.601351    0.000140
   422   93.962925    0.000144
   423   91.335579    0.000152
   424   88.723823    0.000163
   425   86.131802    0.000176
   426   83.563319    0.000191
   427   81.021853    0.000207
   428   78.510576    0.000225
   429   76.032371    0.000246
   430   73.589844    0.000271
   431   71.185343    0.000301
   432   68.820968    0.000336
   433   66.498586    0.000376
   434   64.219844    0.000425
   435   61.986179    0.000483
   436   59.798831    0.000551
   437   57.658855    0.000631
   438   55.567129    0.000725
   439   53.524368    0.000838
   440   51.531131    0.000975
   441   49.587832    0.001139
   442   47.694747    0.001333
   443   45.852029    0.001557
   444   44.059708    0.001812
   445   42.317706    0.002104
   446   40.625844    0.002344
   447   38.983845    0.002751
   448   37.391347    0.003225
   449   35.847909    0.003791
   450   34.353012    0.004447
   451   32.906075    0.005197
   452   31.506453    0.006055
   453   30.153446    0.007050
   454   28.846306    0.008213
   455   27.584240    0.009569
   456   26.366415    0.011138
   457   25.191967    0.012927
   458   24.059997    0.014947
   459   22.969584    0.017236
   460   21.919786    0.019859
   461   20.909640    0.022891
   462   19.938173    0.026385
   463   19.004397    0.030384
   464   18.107319    0.034941
   465   17.245940    0.040149
   466   16.419260    0.046110
   467   15.626277    0.052909
   468   14.865996    0.060607
   469   14.137422    0.069313
   470   13.439569    0.079130
   471   12.771462    0.090314
   472   12.132131    0.103007
   473   11.520624    0.117443
   474   10.935996    0.133656
   475   10.377321    0.151926
   476    9.843686    0.172537
   477    9.334195    0.195754
   478    8.847971    0.221899
   479    8.384151    0.251196
   480    7.941895    0.284014
   481    7.520380    0.320785
   482    7.118802    0.361781
   483    6.736378    0.407487
   484    6.372345    0.458367
   485    6.025962    0.515073
   486    5.696506    0.578080
   487    5.383276    0.648175
   488    5.085593    0.725830
   489    4.802795    0.812156
   490    4.534245    0.907799
   491    4.279323    1.013661
   492    4.037432    1.130842
   493    3.807993    1.260114
   494    3.590447    1.402776
   495    3.384257    1.559714
   496    3.188901    1.732089
   497    3.003879    1.920992
   498    2.828709    2.127691
   499    2.662928    2.353378
   500    2.506088    2.599247
   501    2.357760    2.866548
   502    2.217534    3.157127
   503    2.085012    3.472129
   504    1.959817    3.813019
   505    1.841584    4.181444
   506    1.729965    4.579379
   507    1.624627    5.008527
   508    1.525249    5.470650
   509    1.431527    5.968179
   510    1.343168    6.503264
   511    1.259895    7.077520
   512    1.181439    7.692296
   513    1.107548    8.348090
   514    1.037978    9.046075
   515    0.972498    9.786842
   516    0.910888   10.569991
   517    0.852938   11.396396
   518    0.798447   12.266065
   519    0.747227   13.179155
   520    0.699096   14.136337
   521    0.653881   15.135823
   522    0.611420   16.176541
   523    0.571558   17.257060
   524    0.534146   18.375750
   525    0.499046   19.529043
   526    0.466124   20.715751
   527    0.435255   21.931642
   528    0.406319   23.173483
   529    0.379204   24.436489
   530    0.353803   25.717070
   531    0.330015   27.009445
   532    0.307744   28.307913
   533    0.286898   29.608647
   534    0.267394   30.905635
   535    0.249150   32.191200
   536    0.232089   33.461463
   537    0.216139   34.708322
   538    0.201233   35.926453
   539    0.187306   37.109678
   540    0.174297   38.247087
   541    0.162150   39.334929
   542    0.150810   40.363697
   543    0.140227   41.330280
   544    0.130353   42.224382
   545    0.121144   43.042801
   546    0.112557   43.783198
   547    0.104551   44.430645
   548    0.097091   44.997981
   549    0.090140   45.473316
   550    0.083666   45.856073
   551    0.077637   46.137486
   552    0.072025   46.324916
   553    0.066802   46.407475
   554    0.061942   46.379359
   555    0.057421   46.234236
   556    0.053218   45.983784
   557    0.049310   45.615658
   558    0.045677   45.129020
   559    0.042302   44.521278
   560    0.039167   43.815050
   561    0.036256   42.994450
   562    0.033552   42.082474
   563    0.031043   41.063825
   564    0.028715   39.966056
   565    0.026555   38.798600
   566    0.024551   37.568788
   567    0.022693   36.289967
   568    0.020971   34.971957
   569    0.019375   33.625169
   570    0.017896   32.259864
   571    0.016526   30.887574
   572    0.015258   29.512050
   573    0.014083   28.145717
   574    0.012996   26.798815
   575    0.011990   25.474308
   576    0.011060   24.177734
   577    0.010199   22.924548
   578    0.009403   21.708285
   579    0.008667   20.542724
   580    0.007987   19.430811
   581    0.007359   18.378515
   582    0.006778   17.392933
   583    0.006242   16.480831
   584    0.005747   15.645691
   585    0.005290   14.894045
   586    0.004868   14.230891
   587    0.004479   13.657231
   588    0.004120   13.179946
   589    0.003789   12.797255
   590    0.003484   12.508183
   591    0.003203   12.314849
   592    0.002943   12.213810
   593    0.002704   12.206348
   594    0.002484   12.293598
   595    0.002282   12.476807
   596    0.002095   12.754547
   597    0.001924   13.136519
   598    0.001765   13.618684
   599    0.001620   14.213766
   600    0.001486   14.918137
   601    0.001363   15.737298
   602    0.001250   16.676833
   603    0.001146   17.742699
   604    0.001051   18.939416
   605    0.000963   20.269344
   606    0.000882   21.748217
   607    0.000808   23.378104
   608    0.000740   25.174313
   609    0.000678   27.152742
   610    0.000620   29.323937
   611    0.000568   31.719622
   612    0.000520   34.354164
   613    0.000475   37.255125
   614    0.000435   40.436206
   615    0.000398   43.919326
   616    0.000364   47.739584
   617    0.000332   51.890207
   618    0.000304   56.419232
   619    0.000278   61.311850
   620    0.000254   66.602763
   621    0.000232   72.334875
   622    0.000212   78.501436
   623    0.000193   85.178251
   624    0.000176   92.398497
   625    0.000161  100.217493
   626    0.000147  108.712333
   627    0.000134  117.993988
   628    0.000122  128.091824
   629    0.000111  139.169237
   630    0.000102  151.337607
   631    0.000093  164.601376
   632    0.000084  179.089734
   633    0.000077  194.896078
   634    0.000070  212.108202
   635    0.000064  230.816489
   636    0.000058  251.061051
   637    0.000053  273.108161
   638    0.000048  296.963155
   639    0.000044  322.992267
   640    0.000040  351.168891
   641    0.000036  381.898554
   642    0.000033  415.388919
   643    0.000030  451.879514
   644    0.000027  491.622161
   645    0.000025  534.868382
   646    0.000023  581.901994
   647    0.000020  632.991955
   648    0.000019  688.488976
   649    0.000017  748.714183
#CDM-nucleon cross sections[pb]:
   201 4.459069E-09 #proton SI
   202 0.000000E+00 #proton SD
   203 4.715415E-09 #neutron SI
   204 0.000000E+00 #neutron SD
