BLOCK DarkMatter
   1   5.302077E-02   #dark matter relick densisty
   2   4.429471E-01   #ratio omega_N/omega_0
   100 0.267393 # ~N1 ~N1 -> h2 Z
   101 0.226970 # ~N1 ~N1 -> h2 h2
   102 0.203146 # ~N1 ~N1 -> Wm Wp
   103 0.109511 # ~N1 ~N1 -> Z Z
   104 0.077936 # ~N1 ~N1 -> h1 Z
   105 0.044366 # ~N1 ~N1 -> u3 U3
   106 0.032433 # ~N1 ~N1 -> h1 h2
   301  1.634846E+02  #Dark Matter Mass (GeV)
   302  2.407961E-26  #SigmaV=[cm^3/s]
   401  163.484603    0.000265
   402  162.819337    0.000000
   403  161.609938    0.000000
   404  160.057164    0.000000
   405  158.237660    0.000000
   406  156.198863    0.000000
   407  153.975070    0.000000
   408  151.593222    0.000000
   409  149.075584    0.000001
   410  146.441180    0.000060
   411  143.706647    0.000061
   412  140.886776    0.000062
   413  137.994871    0.000063
   414  135.043003    0.000064
   415  132.042192    0.000065
   416  129.002548    0.000067
   417  125.933370    0.000069
   418  122.843235    0.000072
   419  119.740058    0.000077
   420  116.631155    0.000081
   421  113.523282    0.000086
   422  110.422676    0.000092
   423  107.335090    0.000098
   424  104.265825    0.000106
   425  101.219753    0.000115
   426   98.201342    0.000125
   427   95.214680    0.000138
   428   92.263496    0.000153
   429   89.351176    0.000170
   430   86.480785    0.000191
   431   83.655080    0.000216
   432   80.876531    0.000245
   433   78.147331    0.000279
   434   75.469415    0.000320
   435   72.844473    0.000369
   436   70.273961    0.000426
   437   67.759119    0.000494
   438   65.300980    0.000574
   439   62.900383    0.000669
   440   60.557985    0.000780
   441   58.274272    0.000911
   442   56.049571    0.001065
   443   53.884058    0.001245
   444   51.777771    0.001456
   445   49.730618    0.001702
   446   47.742387    0.001990
   447   45.812755    0.002325
   448   43.941295    0.002716
   449   42.127488    0.003172
   450   40.370726    0.003702
   451   38.670325    0.004319
   452   37.025527    0.005033
   453   35.435510    0.005861
   454   33.899395    0.006816
   455   32.416249    0.007920
   456   30.985095    0.009196
   457   29.604914    0.010665
   458   28.274654    0.012304
   459   26.993231    0.014252
   460   25.759537    0.016492
   461   24.572441    0.019064
   462   23.430799    0.022011
   463   22.333451    0.025389
   464   21.279229    0.029250
   465   20.266960    0.033669
   466   19.295468    0.038718
   467   18.363576    0.044476
   468   17.470114    0.051036
   469   16.613914    0.058494
   470   15.793817    0.066994
   471   15.008675    0.076616
   472   14.257351    0.087553
   473   13.538724    0.099924
   474   12.851685    0.113925
   475   12.195145    0.129762
   476   11.568032    0.147616
   477   10.969293    0.167758
   478   10.397895    0.190393
   479    9.852827    0.215834
   480    9.333099    0.244382
   481    8.837746    0.276342
   482    8.365822    0.312086
   483    7.916408    0.351999
   484    7.488607    0.396499
   485    7.081547    0.446127
   486    6.694379    0.501424
   487    6.326280    0.562853
   488    5.976450    0.631097
   489    5.644114    0.706696
   490    5.328522    0.790332
   491    5.028945    0.882796
   492    4.744681    0.984879
   493    4.475050    1.097571
   494    4.219396    1.221847
   495    3.977086    1.358637
   496    3.747509    1.509060
   497    3.530077    1.674158
   498    3.324222    1.855052
   499    3.129400    2.052769
   500    2.945086    2.268399
   501    2.770776    2.502965
   502    2.605985    2.757763
   503    2.450250    3.033998
   504    2.303124    3.333373
   505    2.164180    3.657828
   506    2.033008    4.009574
   507    1.909217    4.390766
   508    1.792431    4.802781
   509    1.682291    5.247258
   510    1.578455    5.724882
   511    1.480594    6.236539
   512    1.388395    6.782861
   513    1.301560    7.364444
   514    1.219803    7.982050
   515    1.142853    8.636324
   516    1.070451    9.328110
   517    1.002349   10.057282
   518    0.938314   10.824840
   519    0.878121   11.630831
   520    0.821558   12.476657
   521    0.768423   13.362684
   522    0.718524   14.289578
   523    0.671679   15.257727
   524    0.627714   16.266672
   525    0.586465   17.315497
   526    0.547776   18.402537
   527    0.511500   19.524827
   528    0.477495   20.679163
   529    0.445631   21.860912
   530    0.415780   23.065598
   531    0.387825   24.288685
   532    0.361652   25.524764
   533    0.337155   26.767018
   534    0.314234   28.009430
   535    0.292794   29.244868
   536    0.272744   30.466541
   537    0.254001   31.669487
   538    0.236483   32.847992
   539    0.220116   33.998417
   540    0.204829   35.117569
   541    0.190554   36.204486
   542    0.177228   37.251387
   543    0.164791   38.253834
   544    0.153188   39.207692
   545    0.142365   40.103338
   546    0.132274   40.937793
   547    0.122866   41.708811
   548    0.114099   42.412937
   549    0.105930   43.044449
   550    0.098322   43.601740
   551    0.091237   44.075564
   552    0.084642   44.457736
   553    0.078503   44.743305
   554    0.072792   44.926055
   555    0.067480   44.999189
   556    0.062540   44.967150
   557    0.057947   44.829672
   558    0.053679   44.579566
   559    0.049713   44.229996
   560    0.046028   43.773039
   561    0.042607   43.205940
   562    0.039430   42.549756
   563    0.036481   41.794709
   564    0.033745   40.949380
   565    0.031206   40.029280
   566    0.028852   39.031321
   567    0.026668   37.967698
   568    0.024645   36.846472
   569    0.022769   35.676216
   570    0.021031   34.462299
   571    0.019421   33.213380
   572    0.017931   31.936614
   573    0.016550   30.642608
   574    0.015273   29.338748
   575    0.014091   28.029966
   576    0.012997   26.730012
   577    0.011985   25.445698
   578    0.011050   24.180004
   579    0.010185   22.946799
   580    0.009386   21.745246
   581    0.008648   20.583660
   582    0.007965   19.466080
   583    0.007335   18.405110
   584    0.006754   17.398584
   585    0.006217   16.460031
   586    0.005721   15.591230
   587    0.005264   14.795101
   588    0.004842   14.074334
   589    0.004453   13.429393
   590    0.004094   12.862343
   591    0.003764   12.376877
   592    0.003459   11.974461
   593    0.003178   11.657906
   594    0.002920   11.429830
   595    0.002682   11.289608
   596    0.002462   11.238940
   597    0.002260   11.279063
   598    0.002075   11.411395
   599    0.001904   11.637203
   600    0.001747   11.961047
   601    0.001602   12.390179
   602    0.001469   12.926396
   603    0.001347   13.568996
   604    0.001235   14.321315
   605    0.001132   15.181319
   606    0.001037   16.147891
   607    0.000950   17.228612
   608    0.000870   18.433083
   609    0.000796   19.771175
   610    0.000729   21.258739
   611    0.000667   22.903000
   612    0.000611   24.708937
   613    0.000559   26.687274
   614    0.000511   28.859294
   615    0.000467   31.232235
   616    0.000427   33.822521
   617    0.000391   36.655564
   618    0.000357   39.741128
   619    0.000326   43.093872
   620    0.000298   46.733469
   621    0.000272   50.688915
   622    0.000249   54.971743
   623    0.000227   59.628208
   624    0.000207   64.664527
   625    0.000189   70.139245
   626    0.000172   76.071984
   627    0.000157   82.515467
   628    0.000144   89.515714
   629    0.000131   97.159839
   630    0.000119  105.501920
   631    0.000109  114.589542
   632    0.000099  124.467255
   633    0.000090  135.177017
   634    0.000082  146.854334
   635    0.000075  159.563041
   636    0.000068  173.391962
   637    0.000062  188.439714
   638    0.000057  204.812575
   639    0.000051  222.625918
   640    0.000047  242.014823
   641    0.000043  263.112378
   642    0.000039  286.046902
   643    0.000035  310.955511
   644    0.000032  337.948370
   645    0.000029  367.218939
   646    0.000026  398.937385
   647    0.000024  433.361797
   648    0.000022  470.688370
   649    0.000020  511.108572
#CDM-nucleon cross sections[pb]:
   201 7.236563E-10 #proton SI
   202 1.321388E-03 #proton SD
   203 5.694797E-10 #neutron SI
   204 1.010325E-03 #neutron SD
