BLOCK DarkMatter
   1   6.959823E-02   #dark matter relick densisty
   2   5.814389E-01   #ratio omega_N/omega_0
   100 0.189435 # ~N1 ~N1 -> h2 Z
   101 0.153745 # ~N1 ~N1 -> nu4 nu4
   102 0.152191 # ~N1 ~N1 -> h2 h2
   103 0.146118 # ~N1 ~N1 -> Wm Wp
   104 0.079152 # ~N1 ~N1 -> Z Z
   105 0.057534 # ~N1 ~N1 -> h1 Z
   106 0.042942 # ~nI1 ~N1 -> Z nu4
   107 0.033490 # ~nI1 ~nI1 -> Wm Wp
   108 0.029058 # ~N1 ~N1 -> u3 U3
   109 0.024325 # ~nI1 ~N1 -> h1 nu4
   110 0.022068 # ~N1 ~N1 -> h1 h2
   111 0.019195 # ~nI1 ~N1 -> h2 nu4
   112 0.015285 # ~nI1 ~nI1 -> Z Z
   113 0.010251 # ~nI1 ~nI1 -> h1 h2
   301  1.635099E+02  #Dark Matter Mass (GeV)
   302  3.342193E-26  #SigmaV=[cm^3/s]
   401  163.509920    0.000191
   402  162.844551    0.000000
   403  161.634965    0.000000
   404  160.081950    0.000000
   405  158.262165    0.000000
   406  156.223051    0.000000
   407  153.998914    0.000000
   408  151.616698    0.000000
   409  149.098669    0.000001
   410  146.463857    0.000043
   411  143.728901    0.000044
   412  140.908594    0.000044
   413  138.016241    0.000045
   414  135.063915    0.000046
   415  132.062640    0.000047
   416  129.022525    0.000048
   417  125.952872    0.000050
   418  122.862258    0.000052
   419  119.758601    0.000055
   420  116.649217    0.000058
   421  113.540862    0.000062
   422  110.439776    0.000066
   423  107.351712    0.000070
   424  104.281972    0.000076
   425  101.235428    0.000083
   426   98.216549    0.000090
   427   95.229425    0.000099
   428   92.277783    0.000112
   429   89.365013    0.000127
   430   86.494177    0.000144
   431   83.668035    0.000165
   432   80.889056    0.000188
   433   78.159433    0.000217
   434   75.481102    0.000250
   435   72.855753    0.000288
   436   70.284844    0.000335
   437   67.769612    0.000392
   438   65.311092    0.000457
   439   62.910124    0.000535
   440   60.567363    0.000628
   441   58.283296    0.000738
   442   56.058250    0.000868
   443   53.892402    0.001025
   444   51.785789    0.001211
   445   49.738319    0.001432
   446   47.749780    0.001693
   447   45.819849    0.002002
   448   43.948100    0.002366
   449   42.134012    0.002797
   450   40.376978    0.003303
   451   38.676314    0.003895
   452   37.031261    0.004585
   453   35.440998    0.005387
   454   33.904644    0.006316
   455   32.421269    0.007392
   456   30.989893    0.008635
   457   29.609499    0.010067
   458   28.279033    0.011716
   459   26.997411    0.013570
   460   25.763526    0.015741
   461   24.576246    0.018225
   462   23.434427    0.021064
   463   22.336909    0.024305
   464   21.282524    0.028001
   465   20.270098    0.032213
   466   19.298456    0.037010
   467   18.366420    0.042462
   468   17.472819    0.048655
   469   16.616486    0.055676
   470   15.796262    0.063650
   471   15.010999    0.072659
   472   14.259559    0.082872
   473   13.540820    0.094401
   474   12.853675    0.107419
   475   12.197034    0.122113
   476   11.569824    0.138655
   477   10.970991    0.157290
   478   10.399505    0.178220
   479    9.854353    0.201728
   480    9.334545    0.228096
   481    8.839114    0.257615
   482    8.367118    0.290635
   483    7.917634    0.327522
   484    7.489767    0.368673
   485    7.082643    0.414581
   486    6.695416    0.465751
   487    6.327260    0.522642
   488    5.977376    0.585892
   489    5.644988    0.656041
   490    5.329347    0.733748
   491    5.029723    0.819767
   492    4.745415    0.914873
   493    4.475743    1.019999
   494    4.220050    1.136080
   495    3.977702    1.264038
   496    3.748090    1.404946
   497    3.530624    1.559833
   498    3.324737    1.729806
   499    3.129885    1.915918
   500    2.945542    2.119276
   501    2.771205    2.340961
   502    2.606389    2.582283
   503    2.450629    2.844492
   504    2.303480    3.129224
   505    2.164515    3.438310
   506    2.033323    3.773788
   507    1.909513    4.137666
   508    1.792709    4.531417
   509    1.682552    4.956732
   510    1.578699    5.414621
   511    1.480823    5.906293
   512    1.388610    6.432806
   513    1.301762    6.995211
   514    1.219992    7.594692
   515    1.143030    8.232343
   516    1.070616    8.909390
   517    1.002504    9.626284
   518    0.938459   10.384200
   519    0.878257   11.183506
   520    0.821685   12.025372
   521    0.768542   12.910150
   522    0.718636   13.838301
   523    0.671783   14.810015
   524    0.627811   15.824810
   525    0.586556   16.881814
   526    0.547861   17.979566
   527    0.511579   19.115559
   528    0.477569   20.287054
   529    0.445700   21.490104
   530    0.415845   22.720620
   531    0.387885   23.974378
   532    0.361708   25.246309
   533    0.337207   26.530092
   534    0.314283   27.819877
   535    0.292839   29.108762
   536    0.272786   30.389948
   537    0.254040   31.658035
   538    0.236520   32.906814
   539    0.220150   34.131467
   540    0.204861   35.327658
   541    0.190583   36.492481
   542    0.177255   37.617882
   543    0.164817   38.698225
   544    0.153212   39.728170
   545    0.142387   40.698115
   546    0.132294   41.603381
   547    0.122885   42.439877
   548    0.114116   43.202551
   549    0.105947   43.884921
   550    0.098337   44.484081
   551    0.091251   44.991452
   552    0.084655   45.399254
   553    0.078516   45.703197
   554    0.072804   45.897275
   555    0.067490   45.975917
   556    0.062550   45.942663
   557    0.057956   45.797030
   558    0.053687   45.534053
   559    0.049720   45.163902
   560    0.046035   44.681324
   561    0.042613   44.084882
   562    0.039436   43.391696
   563    0.036487   42.597033
   564    0.033750   41.708608
   565    0.031211   40.740276
   566    0.028856   39.693042
   567    0.026673   38.580032
   568    0.024648   37.405780
   569    0.022773   36.184784
   570    0.021034   34.922901
   571    0.019424   33.630071
   572    0.017933   32.313396
   573    0.016553   30.987221
   574    0.015275   29.658515
   575    0.014093   28.333668
   576    0.012999   27.025539
   577    0.011987   25.742126
   578    0.011052   24.488333
   579    0.010187   23.277278
   580    0.009388   22.110719
   581    0.008649   20.996895
   582    0.007967   19.941912
   583    0.007336   18.954123
   584    0.006755   18.034067
   585    0.006218   17.192871
   586    0.005722   16.431782
   587    0.005265   15.754384
   588    0.004843   15.163156
   589    0.004454   14.659425
   590    0.004095   14.246342
   591    0.003764   13.926773
   592    0.003459   13.703484
   593    0.003179   13.579770
   594    0.002920   13.559045
   595    0.002682   13.641984
   596    0.002463   13.830972
   597    0.002261   14.126983
   598    0.002075   14.534972
   599    0.001904   15.055926
   600    0.001747   15.694786
   601    0.001602   16.458265
   602    0.001469   17.349377
   603    0.001347   18.368943
   604    0.001235   19.520811
   605    0.001132   20.805388
   606    0.001037   22.223880
   607    0.000950   23.784717
   608    0.000870   25.499283
   609    0.000797   27.380115
   610    0.000729   29.445268
   611    0.000667   31.708143
   612    0.000611   34.180978
   613    0.000559   36.880594
   614    0.000511   39.830872
   615    0.000467   43.044651
   616    0.000427   46.540464
   617    0.000391   50.343260
   618    0.000357   54.468005
   619    0.000326   58.934206
   620    0.000298   63.767119
   621    0.000272   69.001667
   622    0.000249   74.663410
   623    0.000227   80.805907
   624    0.000207   87.456734
   625    0.000189   94.677315
   626    0.000173  102.497824
   627    0.000157  110.969176
   628    0.000144  120.132892
   629    0.000131  130.057132
   630    0.000119  140.780672
   631    0.000109  152.336397
   632    0.000099  164.758260
   633    0.000090  178.091358
   634    0.000082  192.461374
   635    0.000075  207.961622
   636    0.000068  224.724055
   637    0.000062  242.897615
   638    0.000057  262.646766
   639    0.000051  284.129833
   640    0.000047  307.506119
   641    0.000043  332.910458
   642    0.000039  360.449260
   643    0.000035  390.223933
   644    0.000032  422.304739
   645    0.000029  456.816239
   646    0.000026  493.900014
   647    0.000024  533.783488
   648    0.000022  576.696631
   649    0.000020  622.909876
#CDM-nucleon cross sections[pb]:
   201 7.248215E-10 #proton SI
   202 1.321696E-03 #proton SD
   203 5.703985E-10 #neutron SI
   204 1.010560E-03 #neutron SD
