BLOCK DarkMatter
   1   1.023446E-01   #dark matter relick densisty
   2   8.550091E-01   #ratio omega_N/omega_0
   100 0.496835 # ~nR1 ~nR1 -> Wm Wp
   101 0.238018 # ~nI1 ~nR1 -> nu4 nu4
   102 0.203712 # ~nR1 ~nR1 -> Z Z
   103 0.056165 # ~nR1 ~nR1 -> nu4 nu4
   301  1.103054E+02  #Dark Matter Mass (GeV)
   302  2.013381E-26  #SigmaV=[cm^3/s]
   401  110.305402    0.000342
   402  109.856537    0.000000
   403  109.040539    0.000000
   404  107.992860    0.000000
   405  106.765215    0.000000
   406  105.389609    0.000000
   407  103.889184    0.000000
   408  102.282117    0.000000
   409  100.583430    0.000000
   410   98.805960    0.000000
   411   96.960932    0.000000
   412   95.058325    0.000001
   413   93.107115    0.000001
   414   91.115447    0.000002
   415   89.090757    0.000003
   416   87.039866    0.000005
   417   84.969048    0.000007
   418   82.884089    0.000011
   419   80.790332    0.000015
   420   78.692710    0.000020
   421   76.595783    0.000025
   422   74.503760    0.000031
   423   72.420522    0.000037
   424   70.349645    0.000044
   425   68.294416    0.000053
   426   66.257851    0.000066
   427   64.242708    0.000081
   428   62.251501    0.000100
   429   60.286518    0.000122
   430   58.349824    0.000147
   431   56.443280    0.000177
   432   54.568553    0.000212
   433   52.727123    0.000254
   434   50.920295    0.000304
   435   49.149209    0.000377
   436   47.414847    0.000457
   437   45.718048    0.000554
   438   44.059506    0.000668
   439   42.439789    0.000803
   440   40.859339    0.000958
   441   39.318486    0.001137
   442   37.817448    0.001344
   443   36.356345    0.001592
   444   34.935203    0.001890
   445   33.553960    0.002244
   446   32.212472    0.002659
   447   30.910522    0.003142
   448   29.647821    0.003706
   449   28.424019    0.004371
   450   27.238707    0.005153
   451   26.091422    0.006063
   452   24.981653    0.007114
   453   23.908846    0.008323
   454   22.872407    0.009720
   455   21.871707    0.011329
   456   20.906087    0.013182
   457   19.974860    0.015315
   458   19.077314    0.017766
   459   18.212719    0.020582
   460   17.380328    0.023819
   461   16.579378    0.027542
   462   15.809095    0.031814
   463   15.068699    0.036679
   464   14.357400    0.042199
   465   13.674408    0.048462
   466   13.018928    0.055576
   467   12.390168    0.063681
   468   11.787336    0.072874
   469   11.209645    0.083271
   470   10.656314    0.094965
   471   10.126568    0.108173
   472    9.619639    0.123214
   473    9.134771    0.140163
   474    8.671216    0.159154
   475    8.228239    0.180598
   476    7.805117    0.204479
   477    7.401139    0.231202
   478    7.015608    0.261157
   479    6.647843    0.294592
   480    6.297176    0.331869
   481    5.962954    0.373453
   482    5.644540    0.419764
   483    5.341314    0.471362
   484    5.052670    0.528624
   485    4.778021    0.592168
   486    4.516793    0.662498
   487    4.268432    0.740378
   488    4.032397    0.826246
   489    3.808165    0.921152
   490    3.595230    1.025523
   491    3.393101    1.140307
   492    3.201304    1.266290
   493    3.019380    1.404314
   494    2.846887    1.555616
   495    2.683397    1.721201
   496    2.528498    1.902148
   497    2.381793    2.099421
   498    2.242900    2.314612
   499    2.111451    2.548448
   500    1.987092    2.803064
   501    1.869482    3.078681
   502    1.758295    3.377826
   503    1.653219    3.701524
   504    1.553950    4.051137
   505    1.460203    4.427999
   506    1.371700    4.834405
   507    1.288176    5.271122
   508    1.209379    5.740454
   509    1.135066    6.243051
   510    1.065006    6.780354
   511    0.998978    7.354253
   512    0.936770    7.964814
   513    0.878181    8.613468
   514    0.823019    9.300861
   515    0.771099   10.028140
   516    0.722248   10.795073
   517    0.676299   11.601718
   518    0.633094   12.448867
   519    0.592481   13.334898
   520    0.554317   14.259714
   521    0.518466   15.223360
   522    0.484799   16.221220
   523    0.453192   17.254064
   524    0.423528   18.317215
   525    0.395696   19.409850
   526    0.369592   20.527296
   527    0.345116   21.665409
   528    0.322173   22.822289
   529    0.300673   23.990529
   530    0.280533   25.166467
   531    0.261671   26.344236
   532    0.244012   27.520250
   533    0.227483   28.690181
   534    0.212018   29.843146
   535    0.197552   30.974471
   536    0.184024   32.079902
   537    0.171378   33.149473
   538    0.159559   34.179957
   539    0.148516   35.155543
   540    0.138201   36.076159
   541    0.128569   36.931323
   542    0.119578   37.719536
   543    0.111187   38.419071
   544    0.103358   39.043664
   545    0.096056   39.574827
   546    0.089247   40.008659
   547    0.082899   40.349480
   548    0.076984   40.580424
   549    0.071473   40.719028
   550    0.066339   40.744750
   551    0.061559   40.665593
   552    0.057109   40.494445
   553    0.052967   40.198391
   554    0.049114   39.807784
   555    0.045530   39.319667
   556    0.042197   38.729869
   557    0.039098   38.032459
   558    0.036218   37.262223
   559    0.033542   36.404433
   560    0.031056   35.460447
   561    0.028747   34.455269
   562    0.026604   33.388920
   563    0.024614   32.260056
   564    0.022768   31.085554
   565    0.021055   29.878479
   566    0.019467   28.641439
   567    0.017994   27.393941
   568    0.016628   26.140236
   569    0.015363   24.887773
   570    0.014190   23.657677
   571    0.013104   22.451143
   572    0.012098   21.278941
   573    0.011167   20.149044
   574    0.010305   19.063496
   575    0.009507   18.030756
   576    0.008769   17.047456
   577    0.008087   16.126818
   578    0.007456   15.273794
   579    0.006872   14.473531
   580    0.006333   13.743313
   581    0.005835   13.086550
   582    0.005374   12.504724
   583    0.004949   12.002799
   584    0.004557   11.579272
   585    0.004194   11.239732
   586    0.003860   10.982236
   587    0.003552   10.807977
   588    0.003267   10.715975
   589    0.003004   10.708190
   590    0.002762   10.785865
   591    0.002539   10.951505
   592    0.002334   11.209670
   593    0.002144   11.560225
   594    0.001970   12.014827
   595    0.001809   12.566363
   596    0.001661   13.228470
   597    0.001525   13.989447
   598    0.001400   14.864303
   599    0.001285   15.840692
   600    0.001178   16.930156
   601    0.001081   18.135202
   602    0.000991   19.468733
   603    0.000909   20.945313
   604    0.000833   22.565912
   605    0.000763   24.367159
   606    0.000700   26.338378
   607    0.000641   28.516687
   608    0.000587   30.891890
   609    0.000537   33.468331
   610    0.000492   36.263309
   611    0.000450   39.263579
   612    0.000412   42.514183
   613    0.000377   46.005253
   614    0.000345   49.783515
   615    0.000315   53.884060
   616    0.000288   58.354775
   617    0.000264   63.255309
   618    0.000241   68.610832
   619    0.000220   74.469294
   620    0.000201   80.914355
   621    0.000184   87.902827
   622    0.000168   95.478207
   623    0.000153  103.718924
   624    0.000140  112.628725
   625    0.000128  122.291583
   626    0.000116  132.764966
   627    0.000106  144.103615
   628    0.000097  156.367679
   629    0.000088  169.785216
   630    0.000081  184.325956
   631    0.000073  200.102629
   632    0.000067  217.243174
   633    0.000061  235.903345
   634    0.000056  256.123983
   635    0.000051  278.051583
   636    0.000046  302.119890
   637    0.000042  328.237543
   638    0.000038  356.886622
   639    0.000035  388.244982
   640    0.000032  422.628641
   641    0.000029  460.304569
   642    0.000026  501.643474
   643    0.000024  547.047971
   644    0.000022  596.949136
   645    0.000020  651.883583
   646    0.000018  712.478135
   647    0.000016  779.422190
   648    0.000015  853.490232
   649    0.000013  935.394773
#CDM-nucleon cross sections[pb]:
   201 1.940666E-11 #proton SI
   202 0.000000E+00 #proton SD
   203 1.250775E-11 #neutron SI
   204 0.000000E+00 #neutron SD
