BLOCK DarkMatter
   1   8.723075E-02   #dark matter relick densisty
   2   7.287448E-01   #ratio omega_N/omega_0
   100 0.695740 # ~nI1 ~nI1 -> Wm Wp
   101 0.281799 # ~nI1 ~nI1 -> Z Z
   102 0.014149 # ~nI1 ~nR1 -> nu4 nu4
   301  1.080158E+02  #Dark Matter Mass (GeV)
   302  2.866404E-26  #SigmaV=[cm^3/s]
   401  108.015808    0.000174
   402  107.576260    0.000000
   403  106.777200    0.000000
   404  105.751267    0.000000
   405  104.549104    0.000000
   406  103.202051    0.000000
   407  101.732770    0.000000
   408  100.159061    0.000000
   409   98.495634    0.000000
   410   96.755059    0.000000
   411   94.948327    0.000000
   412   93.085212    0.000001
   413   91.174503    0.000001
   414   89.224176    0.000002
   415   87.241513    0.000003
   416   85.233191    0.000005
   417   83.205357    0.000007
   418   81.163675    0.000010
   419   79.113378    0.000014
   420   77.059297    0.000019
   421   75.005895    0.000025
   422   72.957296    0.000031
   423   70.917299    0.000038
   424   68.889407    0.000046
   425   66.876838    0.000056
   426   64.882546    0.000070
   427   62.909231    0.000086
   428   60.959355    0.000105
   429   59.035159    0.000128
   430   57.138664    0.000155
   431   55.271695    0.000187
   432   53.435881    0.000225
   433   51.632674    0.000269
   434   49.863349    0.000323
   435   48.129025    0.000388
   436   46.430664    0.000476
   437   44.769084    0.000579
   438   43.144969    0.000701
   439   41.558872    0.000845
   440   40.011228    0.001011
   441   38.502357    0.001204
   442   37.032476    0.001429
   443   35.601702    0.001697
   444   34.210058    0.002020
   445   32.857485    0.002403
   446   31.543842    0.002852
   447   30.268916    0.003374
   448   29.032425    0.003986
   449   27.834026    0.004705
   450   26.673317    0.005551
   451   25.549846    0.006536
   452   24.463112    0.007675
   453   23.412573    0.008986
   454   22.397648    0.010504
   455   21.417719    0.012257
   456   20.472142    0.014281
   457   19.560244    0.016611
   458   18.681329    0.019289
   459   17.834681    0.022370
   460   17.019567    0.025914
   461   16.235242    0.029989
   462   15.480948    0.034658
   463   14.755920    0.039971
   464   14.059386    0.046001
   465   13.390570    0.052849
   466   12.748696    0.060638
   467   12.132987    0.069514
   468   11.542668    0.079583
   469   10.976968    0.090982
   470   10.435123    0.103809
   471    9.916372    0.118321
   472    9.419965    0.134817
   473    8.945162    0.153405
   474    8.491229    0.174239
   475    8.057447    0.197740
   476    7.643107    0.223962
   477    7.247514    0.253312
   478    6.869986    0.286193
   479    6.509855    0.322904
   480    6.166466    0.363841
   481    5.839181    0.409489
   482    5.527377    0.460333
   483    5.230445    0.516970
   484    4.947793    0.579830
   485    4.678844    0.649591
   486    4.423039    0.726848
   487    4.179833    0.812394
   488    3.948697    0.906782
   489    3.729119    1.011123
   490    3.520604    1.125907
   491    3.322671    1.252168
   492    3.134855    1.390809
   493    2.956707    1.542739
   494    2.787795    1.709237
   495    2.627698    1.891385
   496    2.476015    2.090465
   497    2.332355    2.307445
   498    2.196345    2.543979
   499    2.067624    2.801070
   500    1.945846    3.080772
   501    1.830677    3.383538
   502    1.721799    3.712043
   503    1.618903    4.067404
   504    1.521695    4.451268
   505    1.429894    4.864907
   506    1.343227    5.310850
   507    1.261437    5.790058
   508    1.184276    6.304833
   509    1.111506    6.856108
   510    1.042900    7.445460
   511    0.978242    8.074899
   512    0.917326    8.744483
   513    0.859953    9.455986
   514    0.805935   10.209710
   515    0.755094   11.007185
   516    0.707257   11.848068
   517    0.662261   12.732061
   518    0.619953   13.660385
   519    0.580183   14.630874
   520    0.542811   15.643723
   521    0.507705   16.698392
   522    0.474736   17.790591
   523    0.443785   18.920590
   524    0.414737   20.083235
   525    0.387483   21.277535
   526    0.361921   22.497978
   527    0.337953   23.740290
   528    0.315486   25.001709
   529    0.294432   26.274736
   530    0.274710   27.554594
   531    0.256239   28.834832
   532    0.238947   30.111434
   533    0.222762   31.379121
   534    0.207617   32.626835
   535    0.193452   33.849181
   536    0.180205   35.041542
   537    0.167821   36.192492
   538    0.156247   37.298021
   539    0.145433   38.343720
   540    0.135332   39.326806
   541    0.125901   40.236989
   542    0.117096   41.071019
   543    0.108879   41.809478
   544    0.101213   42.461748
   545    0.094062   43.012023
   546    0.087394   43.455901
   547    0.081179   43.794400
   548    0.075386   44.015556
   549    0.069989   44.131751
   550    0.064962   44.125295
   551    0.060281   44.005434
   552    0.055923   43.782883
   553    0.051868   43.427593
   554    0.048095   42.965739
   555    0.044585   42.400247
   556    0.041321   41.724902
   557    0.038286   40.932449
   558    0.035466   40.061819
   559    0.032846   39.099333
   560    0.030411   38.044856
   561    0.028151   36.927189
   562    0.026052   35.744528
   563    0.024103   34.499637
   564    0.022295   33.209128
   565    0.020618   31.886355
   566    0.019063   30.536276
   567    0.017620   29.177749
   568    0.016283   27.814890
   569    0.015044   26.457964
   570    0.013895   25.126042
   571    0.012832   23.821687
   572    0.011847   22.556918
   573    0.010935   21.339299
   574    0.010091   20.172633
   575    0.009310   19.066010
   576    0.008587   18.016479
   577    0.007919   17.035724
   578    0.007301   16.130173
   579    0.006730   15.284860
   580    0.006201   14.515558
   581    0.005714   13.825318
   582    0.005263   13.215498
   583    0.004847   12.690791
   584    0.004462   12.249963
   585    0.004107   11.898825
   586    0.003780   11.635818
   587    0.003478   11.463056
   588    0.003199   11.379730
   589    0.002942   11.388370
   590    0.002705   11.490653
   591    0.002487   11.688282
   592    0.002285   11.986147
   593    0.002100   12.384511
   594    0.001929   12.893497
   595    0.001772   13.507784
   596    0.001627   14.239447
   597    0.001493   15.076401
   598    0.001371   16.034408
   599    0.001258   17.099260
   600    0.001154   18.283964
   601    0.001059   19.588842
   602    0.000971   21.027421
   603    0.000890   22.614009
   604    0.000816   24.354697
   605    0.000748   26.283137
   606    0.000685   28.394941
   607    0.000628   30.728982
   608    0.000575   33.281642
   609    0.000526   36.060188
   610    0.000482   39.081566
   611    0.000441   42.337679
   612    0.000403   45.870114
   613    0.000369   49.669442
   614    0.000338   53.784232
   615    0.000309   58.253735
   616    0.000282   63.120528
   617    0.000258   68.449513
   618    0.000236   74.280795
   619    0.000216   80.661530
   620    0.000197   87.689209
   621    0.000180   95.324754
   622    0.000164  103.607664
   623    0.000150  112.620007
   624    0.000137  122.352961
   625    0.000125  132.877087
   626    0.000114  144.234159
   627    0.000104  156.457018
   628    0.000095  169.628380
   629    0.000086  183.950976
   630    0.000079  199.438446
   631    0.000072  216.243302
   632    0.000065  234.554777
   633    0.000060  254.568504
   634    0.000054  276.381787
   635    0.000050  300.176900
   636    0.000045  326.341158
   637    0.000041  354.848369
   638    0.000037  386.064877
   639    0.000034  420.127368
   640    0.000031  457.335405
   641    0.000028  497.901284
   642    0.000026  542.202498
   643    0.000023  590.652447
   644    0.000021  643.759204
   645    0.000019  702.147357
   646    0.000017  766.533863
   647    0.000016  837.714159
   648    0.000014  916.538095
   649    0.000013 1003.782509
#CDM-nucleon cross sections[pb]:
   201 2.430425E-09 #proton SI
   202 0.000000E+00 #proton SD
   203 2.540387E-09 #neutron SI
   204 0.000000E+00 #neutron SD
