BLOCK DarkMatter
   1   2.855521E-02   #dark matter relick densisty
   2   2.385565E-01   #ratio omega_N/omega_0
   100 0.488342 # ~N1 ~N1 -> nu4 nu4
   101 0.138985 # ~N1 ~N1 -> h2 Z
   102 0.118036 # ~N1 ~N1 -> h2 h2
   103 0.105743 # ~N1 ~N1 -> Wm Wp
   104 0.057032 # ~N1 ~N1 -> Z Z
   105 0.040210 # ~N1 ~N1 -> h1 Z
   106 0.023548 # ~N1 ~N1 -> u3 U3
   107 0.016378 # ~N1 ~N1 -> h1 h2
   301  1.635905E+02  #Dark Matter Mass (GeV)
   302  7.734121E-26  #SigmaV=[cm^3/s]
   401  163.590462    0.000083
   402  162.924765    0.000000
   403  161.714584    0.000000
   404  160.160804    0.000000
   405  158.340122    0.000000
   406  156.300004    0.000000
   407  154.074771    0.000000
   408  151.691381    0.000000
   409  149.172113    0.000000
   410  146.536003    0.000019
   411  143.799700    0.000019
   412  140.978003    0.000019
   413  138.084225    0.000020
   414  135.130445    0.000020
   415  132.127692    0.000021
   416  129.086079    0.000022
   417  126.014914    0.000023
   418  122.922778    0.000024
   419  119.817592    0.000026
   420  116.706676    0.000028
   421  113.596790    0.000030
   422  110.494176    0.000033
   423  107.404592    0.000037
   424  104.333339    0.000041
   425  101.285294    0.000046
   426   98.264929    0.000052
   427   95.276333    0.000058
   428   92.323238    0.000066
   429   89.409032    0.000074
   430   86.536783    0.000085
   431   83.709249    0.000098
   432   80.928900    0.000114
   433   78.197933    0.000133
   434   75.518283    0.000156
   435   72.891641    0.000186
   436   70.319465    0.000222
   437   67.802994    0.000266
   438   65.343264    0.000320
   439   62.941112    0.000386
   440   60.597197    0.000466
   441   58.312006    0.000563
   442   56.085864    0.000681
   443   53.918949    0.000823
   444   51.811298    0.000993
   445   49.762819    0.001197
   446   47.773301    0.001440
   447   45.842419    0.001729
   448   43.969748    0.002072
   449   42.154766    0.002479
   450   40.396867    0.002958
   451   38.695365    0.003521
   452   37.049502    0.004181
   453   35.458455    0.004953
   454   33.921345    0.005852
   455   32.437239    0.006897
   456   31.005158    0.008110
   457   29.624084    0.009510
   458   28.292963    0.011125
   459   27.010710    0.012965
   460   25.776216    0.015094
   461   24.588352    0.017535
   462   23.445971    0.020333
   463   22.347912    0.023531
   464   21.293007    0.027180
   465   20.280083    0.031334
   466   19.307962    0.036057
   467   18.375467    0.041421
   468   17.481426    0.047509
   469   16.624671    0.054405
   470   15.804043    0.062217
   471   15.018393    0.071032
   472   14.266583    0.080984
   473   13.547490    0.092193
   474   12.860007    0.104808
   475   12.203042    0.118992
   476   11.575523    0.134903
   477   10.976396    0.152744
   478   10.404628    0.172707
   479    9.859207    0.195028
   480    9.339143    0.219956
   481    8.843468    0.247751
   482    8.371239    0.278720
   483    7.921534    0.313185
   484    7.493456    0.351498
   485    7.086132    0.394073
   486    6.698714    0.441348
   487    6.330377    0.493761
   488    5.980320    0.551836
   489    5.647769    0.616100
   490    5.331972    0.687148
   491    5.032201    0.765633
   492    4.747753    0.852225
   493    4.477948    0.947683
   494    4.222128    1.052806
   495    3.979662    1.168413
   496    3.749936    1.295400
   497    3.532363    1.434695
   498    3.326375    1.587270
   499    3.131427    1.754138
   500    2.946993    1.936345
   501    2.772570    2.135002
   502    2.607673    2.351341
   503    2.451836    2.586638
   504    2.304615    2.842353
   505    2.165581    3.120046
   506    2.034324    3.421354
   507    1.910453    3.747917
   508    1.793592    4.101130
   509    1.683381    4.482468
   510    1.579477    4.893130
   511    1.481553    5.334339
   512    1.389294    5.807289
   513    1.302403    6.313212
   514    1.220593    6.853391
   515    1.143593    7.429071
   516    1.071144    8.041560
   517    1.002998    8.691798
   518    0.938921    9.381022
   519    0.878689   10.110079
   520    0.822090   10.880044
   521    0.768921   11.691463
   522    0.718990   12.544723
   523    0.672114   13.440190
   524    0.628121   14.376988
   525    0.586845   15.354551
   526    0.548131   16.371561
   527    0.511831   17.426181
   528    0.477805   18.516326
   529    0.445919   19.639213
   530    0.416049   20.791809
   531    0.388076   21.970954
   532    0.361886   23.172830
   533    0.337374   24.392577
   534    0.314438   25.625315
   535    0.292983   26.865294
   536    0.272921   28.106438
   537    0.254165   29.342984
   538    0.236636   30.568743
   539    0.220259   31.777744
   540    0.204962   32.964561
   541    0.190677   34.124418
   542    0.177342   35.250840
   543    0.164898   36.337846
   544    0.153287   37.380905
   545    0.142457   38.371550
   546    0.132359   39.304355
   547    0.122946   40.173821
   548    0.114173   40.973613
   549    0.105999   41.693907
   550    0.098385   42.330546
   551    0.091296   42.874040
   552    0.084696   43.316433
   553    0.078554   43.653665
   554    0.072839   43.881566
   555    0.067524   43.994395
   556    0.062580   44.001185
   557    0.057985   43.901274
   558    0.053714   43.694468
   559    0.049745   43.389718
   560    0.046058   42.983730
   561    0.042634   42.479897
   562    0.039455   41.885808
   563    0.036505   41.200309
   564    0.033767   40.426597
   565    0.031226   39.572319
   566    0.028870   38.639616
   567    0.026686   37.639998
   568    0.024661   36.576680
   569    0.022784   35.459515
   570    0.021045   34.306453
   571    0.019434   33.126903
   572    0.017942   31.930549
   573    0.016561   30.730164
   574    0.015283   29.535553
   575    0.014100   28.355284
   576    0.013005   27.197900
   577    0.011993   26.071239
   578    0.011057   24.979542
   579    0.010192   23.930225
   580    0.009392   22.926660
   581    0.008653   21.975993
   582    0.007971   21.083625
   583    0.007340   20.258094
   584    0.006758   19.504075
   585    0.006221   18.830542
   586    0.005725   18.242956
   587    0.005267   17.746843
   588    0.004845   17.347801
   589    0.004456   17.051115
   590    0.004097   16.859245
   591    0.003766   16.778710
   592    0.003461   16.812279
   593    0.003180   16.962044
   594    0.002922   17.228981
   595    0.002683   17.613066
   596    0.002464   18.115049
   597    0.002262   18.735472
   598    0.002076   19.477919
   599    0.001905   20.345855
   600    0.001748   21.345948
   601    0.001603   22.487620
   602    0.001470   23.780504
   603    0.001348   25.234626
   604    0.001236   26.861238
   605    0.001132   28.670072
   606    0.001037   30.671059
   607    0.000950   32.876006
   608    0.000870   35.296756
   609    0.000797   37.945971
   610    0.000730   40.838804
   611    0.000668   43.989366
   612    0.000611   47.413647
   613    0.000559   51.132090
   614    0.000511   55.171550
   615    0.000468   59.557639
   616    0.000428   64.320095
   617    0.000391   69.491038
   618    0.000357   75.098091
   619    0.000326   81.169167
   620    0.000298   87.725916
   621    0.000272   94.803230
   622    0.000249  102.424004
   623    0.000227  110.620296
   624    0.000207  119.414295
   625    0.000189  128.848924
   626    0.000173  138.951109
   627    0.000157  149.769363
   628    0.000144  161.339216
   629    0.000131  173.721492
   630    0.000119  186.978788
   631    0.000109  201.164300
   632    0.000099  216.344505
   633    0.000090  232.601007
   634    0.000082  250.046621
   635    0.000075  268.762963
   636    0.000068  288.845601
   637    0.000062  310.375704
   638    0.000057  333.423228
   639    0.000051  358.043210
   640    0.000047  384.296285
   641    0.000043  412.241525
   642    0.000039  441.972225
   643    0.000035  473.640800
   644    0.000032  507.442939
   645    0.000029  543.690071
   646    0.000026  582.751721
   647    0.000024  625.096636
   648    0.000022  670.995592
   649    0.000020  720.408362
#CDM-nucleon cross sections[pb]:
   201 7.366702E-10 #proton SI
   202 1.323542E-03 #proton SD
   203 5.813503E-10 #neutron SI
   204 1.011971E-03 #neutron SD
