BLOCK DarkMatter
   1   4.705869E-02   #dark matter relick densisty
   2   3.931386E-01   #ratio omega_N/omega_0
   100 0.704603 # ~nI1 ~nI1 -> Wm Wp
   101 0.292152 # ~nI1 ~nI1 -> Z Z
   301  1.126012E+02  #Dark Matter Mass (GeV)
   302  5.545095E-26  #SigmaV=[cm^3/s]
   401  112.601233    0.000127
   402  112.143026    0.000000
   403  111.310044    0.000000
   404  110.240559    0.000000
   405  108.987362    0.000000
   406  107.583125    0.000000
   407  106.051471    0.000000
   408  104.410956    0.000000
   409  102.676914    0.000000
   410  100.862449    0.000000
   411   98.979019    0.000000
   412   97.036812    0.000001
   413   95.044991    0.000002
   414   93.011870    0.000003
   415   90.945039    0.000005
   416   88.851462    0.000007
   417   86.737543    0.000010
   418   84.609189    0.000013
   419   82.471853    0.000017
   420   80.330573    0.000023
   421   78.190003    0.000028
   422   76.054437    0.000035
   423   73.927840    0.000041
   424   71.813861    0.000049
   425   69.715856    0.000059
   426   67.636902    0.000073
   427   65.579817    0.000089
   428   63.547167    0.000109
   429   61.541285    0.000133
   430   59.564282    0.000160
   431   57.618057    0.000192
   432   55.704311    0.000230
   433   53.824554    0.000281
   434   51.980120    0.000342
   435   50.172171    0.000412
   436   48.401712    0.000497
   437   46.669596    0.000599
   438   44.976534    0.000722
   439   43.323105    0.000865
   440   41.709761    0.001031
   441   40.136837    0.001222
   442   38.604558    0.001447
   443   37.113044    0.001712
   444   35.662324    0.002027
   445   34.252332    0.002400
   446   32.882923    0.002837
   447   31.553875    0.003351
   448   30.264893    0.003951
   449   29.015620    0.004656
   450   27.805637    0.005480
   451   26.634473    0.006436
   452   25.501606    0.007542
   453   24.406470    0.008819
   454   23.348460    0.010293
   455   22.326932    0.011989
   456   21.341214    0.013941
   457   20.390604    0.016191
   458   19.474378    0.018782
   459   18.591788    0.021764
   460   17.742072    0.025185
   461   16.924451    0.029105
   462   16.138136    0.033589
   463   15.382330    0.038698
   464   14.656227    0.044501
   465   13.959019    0.051093
   466   13.289896    0.058588
   467   12.648049    0.067126
   468   12.032671    0.076804
   469   11.442956    0.087731
   470   10.878108    0.100001
   471   10.337336    0.113835
   472    9.819856    0.129566
   473    9.324896    0.147315
   474    8.851694    0.167276
   475    8.399497    0.189784
   476    7.967568    0.214890
   477    7.555182    0.242966
   478    7.161627    0.274407
   479    6.786208    0.309500
   480    6.428241    0.348625
   481    6.087063    0.392280
   482    5.762022    0.440861
   483    5.452485    0.494916
   484    5.157834    0.554935
   485    4.877468    0.621460
   486    4.610803    0.695093
   487    4.357272    0.776592
   488    4.116324    0.866455
   489    3.887426    0.965732
   490    3.670059    1.074915
   491    3.463723    1.195051
   492    3.267934    1.326924
   493    3.082224    1.471501
   494    2.906140    1.629952
   495    2.739248    1.803437
   496    2.581125    1.992939
   497    2.431367    2.199595
   498    2.289583    2.424944
   499    2.155398    2.669869
   500    2.028450    2.936309
   501    1.908392    3.224839
   502    1.794892    3.537762
   503    1.687628    3.876331
   504    1.586293    4.242098
   505    1.490595    4.636374
   506    1.400249    5.061517
   507    1.314987    5.518402
   508    1.234550    6.009403
   509    1.158691    6.535454
   510    1.087173    7.097962
   511    1.019770    7.698612
   512    0.956268    8.337943
   513    0.896459    9.017107
   514    0.840148    9.736976
   515    0.787148   10.498482
   516    0.737281   11.301449
   517    0.690375   12.146155
   518    0.646270   13.033000
   519    0.604812   13.961116
   520    0.565854   14.929513
   521    0.529257   15.938826
   522    0.494889   16.984823
   523    0.462624   18.068148
   524    0.432343   19.183882
   525    0.403932   20.330990
   526    0.377285   21.505379
   527    0.352299   22.702887
   528    0.328879   23.920628
   529    0.306932   25.151695
   530    0.286372   26.391727
   531    0.267117   27.634901
   532    0.249090   28.877250
   533    0.232218   30.112833
   534    0.216431   31.332697
   535    0.201664   32.529877
   536    0.187855   33.700964
   537    0.174945   34.835181
   538    0.162880   35.928637
   539    0.151607   36.967489
   540    0.141077   37.949054
   541    0.131245   38.863875
   542    0.122067   39.709819
   543    0.113501   40.465562
   544    0.105509   41.143744
   545    0.098055   41.726553
   546    0.091104   42.209480
   547    0.084625   42.596761
   548    0.078586   42.869639
   549    0.072960   43.044511
   550    0.067720   43.105293
   551    0.062840   43.052429
   552    0.058297   42.900837
   553    0.054070   42.620474
   554    0.050136   42.238806
   555    0.046477   41.750643
   556    0.043075   41.160550
   557    0.039912   40.457610
   558    0.036972   39.673820
   559    0.034240   38.798851
   560    0.031702   37.834019
   561    0.029346   36.799129
   562    0.027158   35.697801
   563    0.025127   34.529284
   564    0.023242   33.310888
   565    0.021493   32.053558
   566    0.019872   30.761187
   567    0.018368   29.452203
   568    0.016974   28.133259
   569    0.015682   26.813043
   570    0.014485   25.510401
   571    0.013377   24.229639
   572    0.012350   22.981097
   573    0.011399   21.773692
   574    0.010519   20.611861
   575    0.009705   19.502755
   576    0.008952   18.448267
   577    0.008255   17.456895
   578    0.007611   16.535666
   579    0.007015   15.673867
   580    0.006465   14.888381
   581    0.005956   14.179723
   582    0.005486   13.550489
   583    0.005052   13.005065
   584    0.004652   12.543127
   585    0.004282   12.169191
   586    0.003940   11.883079
   587    0.003625   11.685449
   588    0.003335   11.576794
   589    0.003067   11.558515
   590    0.002820   11.632909
   591    0.002592   11.800734
   592    0.002382   12.067175
   593    0.002189   12.431233
   594    0.002011   12.903576
   595    0.001847   13.477140
   596    0.001696   14.164294
   597    0.001557   14.955863
   598    0.001429   15.864961
   599    0.001311   16.881347
   600    0.001203   18.018406
   601    0.001103   19.278854
   602    0.001012   20.673602
   603    0.000928   22.217723
   604    0.000850   23.918656
   605    0.000779   25.806073
   606    0.000714   27.874368
   607    0.000654   30.162421
   608    0.000599   32.662985
   609    0.000549   35.379681
   610    0.000502   38.332530
   611    0.000460   41.514934
   612    0.000421   44.961143
   613    0.000385   48.669553
   614    0.000352   52.683251
   615    0.000322   57.037395
   616    0.000294   61.790389
   617    0.000269   66.990167
   618    0.000246   72.679250
   619    0.000225   78.902711
   620    0.000205   85.749030
   621    0.000187   93.183099
   622    0.000171  101.265003
   623    0.000156  110.047046
   624    0.000143  119.558550
   625    0.000130  129.861138
   626    0.000119  141.016915
   627    0.000108  153.099945
   628    0.000099  166.145232
   629    0.000090  180.381579
   630    0.000082  195.805938
   631    0.000075  212.546673
   632    0.000068  230.685719
   633    0.000062  250.461436
   634    0.000057  271.862083
   635    0.000052  295.089342
   636    0.000047  320.565903
   637    0.000043  348.203986
   638    0.000039  378.491670
   639    0.000035  411.637524
   640    0.000032  447.980608
   641    0.000029  487.824800
   642    0.000027  531.561492
   643    0.000024  579.604570
   644    0.000022  632.363760
   645    0.000020  690.310379
   646    0.000018  753.959681
   647    0.000017  823.863021
   648    0.000015  900.654257
   649    0.000014  984.938664
#CDM-nucleon cross sections[pb]:
   201 6.476819E-09 #proton SI
   202 0.000000E+00 #proton SD
   203 6.825237E-09 #neutron SI
   204 0.000000E+00 #neutron SD
