BLOCK DarkMatter
   1   1.259247E-01   #dark matter relick densisty
   2   1.052003E+00   #ratio omega_N/omega_0
   100 0.596056 # ~nR1 ~nR1 -> Wm Wp
   101 0.245667 # ~nR1 ~nR1 -> nu4 nu4
   102 0.155821 # ~nR1 ~nR1 -> Z Z
   301  9.289097E+01  #Dark Matter Mass (GeV)
   302  1.907820E-26  #SigmaV=[cm^3/s]
   401   92.890966    0.000296
   402   92.512966    0.000000
   403   91.825793    0.000000
   404   90.943516    0.000000
   405   89.909685    0.000000
   406   88.751252    0.000000
   407   87.487707    0.000000
   408   86.134355    0.000000
   409   84.703848    0.000000
   410   83.206996    0.000000
   411   81.653251    0.000000
   412   80.051017    0.000000
   413   78.407854    0.000000
   414   76.730620    0.000000
   415   75.025578    0.000001
   416   73.298470    0.000001
   417   71.554582    0.000002
   418   69.798785    0.000003
   419   68.035580    0.000005
   420   66.269120    0.000007
   421   64.503245    0.000010
   422   62.741499    0.000014
   423   60.987151    0.000019
   424   59.243214    0.000025
   425   57.512453    0.000032
   426   55.797410    0.000042
   427   54.100407    0.000054
   428   52.423562    0.000069
   429   50.768800    0.000087
   430   49.137861    0.000109
   431   47.532313    0.000133
   432   45.953558    0.000159
   433   44.402843    0.000189
   434   42.881267    0.000224
   435   41.389790    0.000269
   436   39.929241    0.000326
   437   38.500323    0.000396
   438   37.103623    0.000482
   439   35.739619    0.000585
   440   34.408682    0.000710
   441   33.111090    0.000860
   442   31.847028    0.001038
   443   30.616597    0.001248
   444   29.419817    0.001496
   445   28.256637    0.001793
   446   27.126937    0.002150
   447   26.030531    0.002574
   448   24.967179    0.003071
   449   23.936585    0.003653
   450   22.938403    0.004338
   451   21.972246    0.005162
   452   21.037681    0.006127
   453   20.134243    0.007254
   454   19.261432    0.008563
   455   18.418717    0.010088
   456   17.605544    0.011849
   457   16.821334    0.013864
   458   16.065488    0.016168
   459   15.337391    0.018832
   460   14.636413    0.021952
   461   13.961913    0.025582
   462   13.313239    0.029708
   463   12.689732    0.034309
   464   12.090730    0.039476
   465   11.515564    0.045424
   466   10.963568    0.052381
   467   10.434073    0.060451
   468    9.926413    0.069626
   469    9.439926    0.079896
   470    8.973951    0.091405
   471    8.527838    0.104306
   472    8.100941    0.118889
   473    7.692621    0.135426
   474    7.302250    0.154179
   475    6.929208    0.175410
   476    6.572886    0.199183
   477    6.232686    0.225900
   478    5.908021    0.255637
   479    5.598317    0.288965
   480    5.303011    0.325999
   481    5.021554    0.367174
   482    4.753410    0.412811
   483    4.498055    0.463621
   484    4.254981    0.519858
   485    4.023692    0.582240
   486    3.803706    0.651178
   487    3.594554    0.727681
   488    3.395783    0.812274
   489    3.206952    0.905643
   490    3.027634    1.008750
   491    2.857416    1.122210
   492    2.695899    1.247198
   493    2.542696    1.384331
   494    2.397436    1.534653
   495    2.259756    1.699037
   496    2.129312    1.878178
   497    2.005768    2.073307
   498    1.888803    2.285179
   499    1.778106    2.514958
   500    1.673380    2.763929
   501    1.574338    3.033461
   502    1.480705    3.324886
   503    1.392217    3.639915
   504    1.308621    3.980057
   505    1.229674    4.347124
   506    1.155143    4.742086
   507    1.084806    5.166794
   508    1.018449    5.621972
   509    0.955868    6.109006
   510    0.896869    6.628683
   511    0.841265    7.181732
   512    0.788878    7.768528
   513    0.739539    8.390891
   514    0.693085    9.049547
   515    0.649362    9.745291
   516    0.608224   10.478386
   517    0.569529   11.250291
   518    0.533144   12.060553
   519    0.498943   12.908182
   520    0.466804   13.791228
   521    0.436614   14.708512
   522    0.408261   15.656643
   523    0.381644   16.631364
   524    0.356663   17.629741
   525    0.333226   18.648759
   526    0.311243   19.681267
   527    0.290631   20.726572
   528    0.271310   21.779487
   529    0.253205   22.835770
   530    0.236244   23.892210
   531    0.220360   24.944261
   532    0.205488   25.988202
   533    0.191570   27.017725
   534    0.178546   28.027343
   535    0.166364   29.004899
   536    0.154972   29.945951
   537    0.144322   30.840416
   538    0.134368   31.677809
   539    0.125069   32.452718
   540    0.116383   33.151400
   541    0.108271   33.775549
   542    0.100700   34.314291
   543    0.093633   34.769449
   544    0.087040   35.135344
   545    0.080891   35.415533
   546    0.075157   35.606518
   547    0.069812   35.704738
   548    0.064830   35.703814
   549    0.060189   35.600161
   550    0.055866   35.393613
   551    0.051840   35.076296
   552    0.048093   34.658769
   553    0.044605   34.126346
   554    0.041360   33.503703
   555    0.038342   32.798731
   556    0.035535   32.012735
   557    0.032925   31.166994
   558    0.030500   30.278774
   559    0.028246   29.348362
   560    0.026153   28.379021
   561    0.024209   27.382759
   562    0.022404   26.352417
   563    0.020728   25.293073
   564    0.019174   24.208921
   565    0.017731   23.100040
   566    0.016393   21.979477
   567    0.015153   20.858468
   568    0.014003   19.745097
   569    0.012937   18.655233
   570    0.011950   17.604646
   571    0.011035   16.596849
   572    0.010188   15.640084
   573    0.009404   14.738982
   574    0.008678   13.899951
   575    0.008006   13.120321
   576    0.007385   12.399030
   577    0.006810   11.734130
   578    0.006279   11.128299
   579    0.005787   10.579809
   580    0.005333   10.087997
   581    0.004914    9.654393
   582    0.004526    9.278272
   583    0.004168    8.960766
   584    0.003837    8.701196
   585    0.003532    8.505827
   586    0.003251    8.374541
   587    0.002991    8.314478
   588    0.002751    8.331491
   589    0.002530    8.435838
   590    0.002326    8.627502
   591    0.002138    8.915901
   592    0.001965    9.299933
   593    0.001806    9.770192
   594    0.001659   10.326527
   595    0.001524   10.955715
   596    0.001399   11.645088
   597    0.001284   12.391652
   598    0.001179   13.193730
   599    0.001082   14.055793
   600    0.000992   14.992538
   601    0.000910   16.017470
   602    0.000835   17.160092
   603    0.000765   18.440250
   604    0.000702   19.875744
   605    0.000643   21.486695
   606    0.000589   23.280136
   607    0.000540   25.257357
   608    0.000494   27.416259
   609    0.000453   29.735405
   610    0.000414   32.227743
   611    0.000379   34.870440
   612    0.000347   37.693341
   613    0.000317   40.729484
   614    0.000290   44.003032
   615    0.000266   47.589214
   616    0.000243   51.533359
   617    0.000222   55.920683
   618    0.000203   60.787649
   619    0.000185   66.136816
   620    0.000169   72.019225
   621    0.000155   78.393138
   622    0.000141   85.296098
   623    0.000129   92.750223
   624    0.000118  100.769444
   625    0.000107  109.403678
   626    0.000098  118.835191
   627    0.000089  129.089248
   628    0.000082  140.367174
   629    0.000074  152.795863
   630    0.000068  166.508762
   631    0.000062  181.614287
   632    0.000056  198.154020
   633    0.000051  215.995174
   634    0.000047  235.296472
   635    0.000043  255.867626
   636    0.000039  277.605256
   637    0.000035  300.553669
   638    0.000032  324.511191
   639    0.000029  349.755977
   640    0.000027  376.412275
   641    0.000024  404.965853
   642    0.000022  436.177637
   643    0.000020  471.137350
   644    0.000018  511.236503
   645    0.000017  558.192563
   646    0.000015  613.988145
   647    0.000014  680.590547
   648    0.000012  759.872755
   649    0.000011  853.322534
#CDM-nucleon cross sections[pb]:
   201 8.717075E-10 #proton SI
   202 0.000000E+00 #proton SD
   203 9.000095E-10 #neutron SI
   204 0.000000E+00 #neutron SD
